Sample	0	1	2	3	4	5	6	7	8	9	10	11	12	13	14	15	16	17	18	19	20	21	22	23	24	25	26	27	28
NeuN_minus.B21_T2_HS	(13.0, 4.0)	(14.0, 5.0)	(15.0, 4.0)	(16.0, 14.0)	(17.0, 65.0)	(18.0, 208.0)	(19.0, 564.0)	(20.0, 1202.0)	(21.0, 2594.0)	(22.0, 4845.0)	(23.0, 9296.0)	(24.0, 17239.0)	(25.0, 32071.0)	(26.0, 56384.0)	(27.0, 95166.0)	(28.0, 151162.0)	(29.0, 227991.0)	(30.0, 324949.0)	(31.0, 445188.0)	(32.0, 591135.0)	(33.0, 763023.0)	(34.0, 976455.0)	(35.0, 1249820.0)	(36.0, 1643528.0)	(37.0, 2300138.0)	(38.0, 3752343.0)	(39.0, 8877192.0)	(40.0, 33095262.0)	
NeuN_minus.B22_T2_HS	(12.0, 2.0)	(13.0, 2.0)	(14.0, 0.0)	(15.0, 2.0)	(16.0, 13.0)	(17.0, 42.0)	(18.0, 136.0)	(19.0, 329.0)	(20.0, 685.0)	(21.0, 1484.0)	(22.0, 2846.0)	(23.0, 5440.0)	(24.0, 10381.0)	(25.0, 19584.0)	(26.0, 35618.0)	(27.0, 62097.0)	(28.0, 99863.0)	(29.0, 153056.0)	(30.0, 223193.0)	(31.0, 308256.0)	(32.0, 412769.0)	(33.0, 539379.0)	(34.0, 693430.0)	(35.0, 895605.0)	(36.0, 1176014.0)	(37.0, 1632845.0)	(38.0, 2600916.0)	(39.0, 6486877.0)	(40.0, 29507430.0)
NeuN_minus.B25_T3_HS	(13.0, 1.0)	(14.0, 1.0)	(15.0, 7.0)	(16.0, 17.0)	(17.0, 49.0)	(18.0, 164.0)	(19.0, 401.0)	(20.0, 851.0)	(21.0, 1896.0)	(22.0, 3588.0)	(23.0, 7210.0)	(24.0, 14460.0)	(25.0, 27679.0)	(26.0, 51740.0)	(27.0, 89673.0)	(28.0, 145473.0)	(29.0, 220197.0)	(30.0, 315260.0)	(31.0, 433812.0)	(32.0, 573252.0)	(33.0, 739318.0)	(34.0, 943751.0)	(35.0, 1207032.0)	(36.0, 1569437.0)	(37.0, 2159532.0)	(38.0, 3408875.0)	(39.0, 8235795.0)	(40.0, 38219505.0)	
NeuN_minus.B26_T3_HS	(12.0, 2.0)	(13.0, 1.0)	(14.0, 0.0)	(15.0, 7.0)	(16.0, 21.0)	(17.0, 62.0)	(18.0, 194.0)	(19.0, 525.0)	(20.0, 1243.0)	(21.0, 2887.0)	(22.0, 5944.0)	(23.0, 12527.0)	(24.0, 25655.0)	(25.0, 48849.0)	(26.0, 87992.0)	(27.0, 150300.0)	(28.0, 238198.0)	(29.0, 355714.0)	(30.0, 501837.0)	(31.0, 677252.0)	(32.0, 878363.0)	(33.0, 1105296.0)	(34.0, 1369182.0)	(35.0, 1686222.0)	(36.0, 2104290.0)	(37.0, 2741514.0)	(38.0, 3988977.0)	(39.0, 8441202.0)	(40.0, 30461401.0)
NeuN_minus.B27_T1_HS	(13.0, 2.0)	(14.0, 6.0)	(15.0, 4.0)	(16.0, 7.0)	(17.0, 18.0)	(18.0, 45.0)	(19.0, 154.0)	(20.0, 365.0)	(21.0, 1032.0)	(22.0, 2430.0)	(23.0, 5939.0)	(24.0, 13792.0)	(25.0, 30280.0)	(26.0, 60571.0)	(27.0, 112162.0)	(28.0, 188680.0)	(29.0, 293149.0)	(30.0, 426436.0)	(31.0, 583749.0)	(32.0, 769021.0)	(33.0, 980168.0)	(34.0, 1226260.0)	(35.0, 1523047.0)	(36.0, 1928015.0)	(37.0, 2561669.0)	(38.0, 3880958.0)	(39.0, 8943165.0)	(40.0, 40493310.0)	
NeuN_minus.B28_T3_HS	(15.0, 1.0)	(16.0, 0.0)	(17.0, 4.0)	(18.0, 28.0)	(19.0, 73.0)	(20.0, 239.0)	(21.0, 727.0)	(22.0, 2131.0)	(23.0, 6107.0)	(24.0, 15800.0)	(25.0, 35567.0)	(26.0, 72597.0)	(27.0, 135023.0)	(28.0, 226302.0)	(29.0, 351803.0)	(30.0, 506384.0)	(31.0, 692472.0)	(32.0, 901515.0)	(33.0, 1135477.0)	(34.0, 1392090.0)	(35.0, 1691349.0)	(36.0, 2069456.0)	(37.0, 2635475.0)	(38.0, 3749843.0)	(39.0, 7383217.0)	(40.0, 23473559.0)			
NeuN_minus.B30_T1_HS	(13.0, 2.0)	(14.0, 5.0)	(15.0, 3.0)	(16.0, 9.0)	(17.0, 43.0)	(18.0, 127.0)	(19.0, 291.0)	(20.0, 680.0)	(21.0, 1480.0)	(22.0, 3082.0)	(23.0, 6211.0)	(24.0, 12730.0)	(25.0, 25025.0)	(26.0, 46938.0)	(27.0, 82531.0)	(28.0, 135323.0)	(29.0, 209499.0)	(30.0, 303970.0)	(31.0, 422174.0)	(32.0, 563718.0)	(33.0, 736710.0)	(34.0, 943514.0)	(35.0, 1211484.0)	(36.0, 1580550.0)	(37.0, 2173848.0)	(38.0, 3423071.0)	(39.0, 8434715.0)	(40.0, 40545999.0)	
NeuN_minus.B31_T1_HS	(12.0, 1.0)	(13.0, 3.0)	(14.0, 3.0)	(15.0, 3.0)	(16.0, 5.0)	(17.0, 18.0)	(18.0, 26.0)	(19.0, 87.0)	(20.0, 264.0)	(21.0, 741.0)	(22.0, 1956.0)	(23.0, 5114.0)	(24.0, 12472.0)	(25.0, 26968.0)	(26.0, 52972.0)	(27.0, 95673.0)	(28.0, 158529.0)	(29.0, 245365.0)	(30.0, 352026.0)	(31.0, 483449.0)	(32.0, 632908.0)	(33.0, 805314.0)	(34.0, 1007289.0)	(35.0, 1251237.0)	(36.0, 1578942.0)	(37.0, 2086919.0)	(38.0, 3110239.0)	(39.0, 6898520.0)	(40.0, 26254650.0)
NeuN_minus.B32_T3_HS	(14.0, 3.0)	(15.0, 14.0)	(16.0, 48.0)	(17.0, 178.0)	(18.0, 574.0)	(19.0, 1890.0)	(20.0, 5856.0)	(21.0, 16103.0)	(22.0, 37851.0)	(23.0, 80438.0)	(24.0, 150706.0)	(25.0, 255680.0)	(26.0, 396121.0)	(27.0, 569019.0)	(28.0, 770191.0)	(29.0, 992695.0)	(30.0, 1243458.0)	(31.0, 1522513.0)	(32.0, 1869033.0)	(33.0, 2347086.0)	(34.0, 3095582.0)	(35.0, 4450948.0)	(36.0, 7054359.0)	(37.0, 7280827.0)	(38.0, 4072687.0)	(39.0, 5602085.0)	(40.0, 7956598.0)		
NeuN_minus.B33_T1_HS	(13.0, 2.0)	(14.0, 0.0)	(15.0, 6.0)	(16.0, 11.0)	(17.0, 30.0)	(18.0, 74.0)	(19.0, 235.0)	(20.0, 523.0)	(21.0, 1499.0)	(22.0, 3620.0)	(23.0, 8172.0)	(24.0, 18581.0)	(25.0, 38422.0)	(26.0, 73024.0)	(27.0, 128524.0)	(28.0, 208399.0)	(29.0, 317701.0)	(30.0, 452211.0)	(31.0, 615780.0)	(32.0, 802603.0)	(33.0, 1015307.0)	(34.0, 1263325.0)	(35.0, 1563041.0)	(36.0, 1953437.0)	(37.0, 2557406.0)	(38.0, 3760689.0)	(39.0, 8251076.0)	(40.0, 27616815.0)	
NeuN_minus.B34_T4_HS	(14.0, 3.0)	(15.0, 3.0)	(16.0, 11.0)	(17.0, 39.0)	(18.0, 122.0)	(19.0, 304.0)	(20.0, 733.0)	(21.0, 1554.0)	(22.0, 3122.0)	(23.0, 6296.0)	(24.0, 12891.0)	(25.0, 24981.0)	(26.0, 46154.0)	(27.0, 81017.0)	(28.0, 131513.0)	(29.0, 202436.0)	(30.0, 292086.0)	(31.0, 403044.0)	(32.0, 537766.0)	(33.0, 700545.0)	(34.0, 896254.0)	(35.0, 1151560.0)	(36.0, 1507189.0)	(37.0, 2074305.0)	(38.0, 3277413.0)	(39.0, 8057780.0)	(40.0, 37799347.0)		
NeuN_minus.B35_T3_HS	(12.0, 1.0)	(13.0, 0.0)	(14.0, 2.0)	(15.0, 6.0)	(16.0, 10.0)	(17.0, 66.0)	(18.0, 144.0)	(19.0, 364.0)	(20.0, 853.0)	(21.0, 1866.0)	(22.0, 3783.0)	(23.0, 7905.0)	(24.0, 16189.0)	(25.0, 31641.0)	(26.0, 59036.0)	(27.0, 102724.0)	(28.0, 166169.0)	(29.0, 254209.0)	(30.0, 365617.0)	(31.0, 502856.0)	(32.0, 665638.0)	(33.0, 861264.0)	(34.0, 1098732.0)	(35.0, 1397417.0)	(36.0, 1811555.0)	(37.0, 2466542.0)	(38.0, 3813534.0)	(39.0, 9224296.0)	(40.0, 41238163.0)
NeuN_minus.B36_T3_HS	(12.0, 2.0)	(13.0, 3.0)	(14.0, 4.0)	(15.0, 7.0)	(16.0, 24.0)	(17.0, 49.0)	(18.0, 75.0)	(19.0, 208.0)	(20.0, 576.0)	(21.0, 1340.0)	(22.0, 2974.0)	(23.0, 6725.0)	(24.0, 14786.0)	(25.0, 30287.0)	(26.0, 59600.0)	(27.0, 104907.0)	(28.0, 172906.0)	(29.0, 264517.0)	(30.0, 380240.0)	(31.0, 521038.0)	(32.0, 683513.0)	(33.0, 875561.0)	(34.0, 1102870.0)	(35.0, 1388931.0)	(36.0, 1782259.0)	(37.0, 2424661.0)	(38.0, 3790260.0)	(39.0, 9024411.0)	(40.0, 39209382.0)
NeuN_minus.B37_T1_HS	(12.0, 1.0)	(13.0, 1.0)	(14.0, 3.0)	(15.0, 1.0)	(16.0, 4.0)	(17.0, 18.0)	(18.0, 48.0)	(19.0, 175.0)	(20.0, 473.0)	(21.0, 1241.0)	(22.0, 2749.0)	(23.0, 6442.0)	(24.0, 14569.0)	(25.0, 30568.0)	(26.0, 59702.0)	(27.0, 106585.0)	(28.0, 176305.0)	(29.0, 270278.0)	(30.0, 386826.0)	(31.0, 529735.0)	(32.0, 692987.0)	(33.0, 879814.0)	(34.0, 1093868.0)	(35.0, 1352269.0)	(36.0, 1695808.0)	(37.0, 2217031.0)	(38.0, 3254894.0)	(39.0, 7060587.0)	(40.0, 28454856.0)
NeuN_minus.B38_T1_HS	(15.0, 2.0)	(16.0, 6.0)	(17.0, 10.0)	(18.0, 33.0)	(19.0, 101.0)	(20.0, 289.0)	(21.0, 814.0)	(22.0, 2138.0)	(23.0, 5733.0)	(24.0, 14659.0)	(25.0, 32911.0)	(26.0, 66689.0)	(27.0, 122828.0)	(28.0, 204765.0)	(29.0, 317177.0)	(30.0, 455199.0)	(31.0, 622056.0)	(32.0, 808188.0)	(33.0, 1017243.0)	(34.0, 1261603.0)	(35.0, 1551446.0)	(36.0, 1940795.0)	(37.0, 2542687.0)	(38.0, 3740484.0)	(39.0, 8212654.0)	(40.0, 41565605.0)			
NeuN_minus.B39_T1_HS	(12.0, 1.0)	(13.0, 1.0)	(14.0, 1.0)	(15.0, 4.0)	(16.0, 13.0)	(17.0, 46.0)	(18.0, 176.0)	(19.0, 463.0)	(20.0, 1130.0)	(21.0, 2519.0)	(22.0, 5276.0)	(23.0, 10887.0)	(24.0, 21647.0)	(25.0, 41225.0)	(26.0, 75651.0)	(27.0, 129085.0)	(28.0, 205304.0)	(29.0, 308721.0)	(30.0, 437107.0)	(31.0, 594633.0)	(32.0, 777205.0)	(33.0, 985381.0)	(34.0, 1233856.0)	(35.0, 1536916.0)	(36.0, 1939299.0)	(37.0, 2557492.0)	(38.0, 3779665.0)	(39.0, 8159617.0)	(40.0, 33363005.0)
NeuN_minus.B40_T2_HS	(14.0, 1.0)	(15.0, 2.0)	(16.0, 4.0)	(17.0, 22.0)	(18.0, 88.0)	(19.0, 204.0)	(20.0, 614.0)	(21.0, 1420.0)	(22.0, 3192.0)	(23.0, 7442.0)	(24.0, 16148.0)	(25.0, 33115.0)	(26.0, 64082.0)	(27.0, 113253.0)	(28.0, 183508.0)	(29.0, 277784.0)	(30.0, 390571.0)	(31.0, 527670.0)	(32.0, 683144.0)	(33.0, 859564.0)	(34.0, 1067272.0)	(35.0, 1318120.0)	(36.0, 1653358.0)	(37.0, 2182234.0)	(38.0, 3241670.0)	(39.0, 7383250.0)	(40.0, 41632870.0)		
NeuN_minus.B41_T1_HS	(12.0, 1.0)	(13.0, 0.0)	(14.0, 2.0)	(15.0, 6.0)	(16.0, 11.0)	(17.0, 39.0)	(18.0, 113.0)	(19.0, 335.0)	(20.0, 783.0)	(21.0, 1843.0)	(22.0, 3916.0)	(23.0, 8430.0)	(24.0, 18063.0)	(25.0, 36178.0)	(26.0, 68126.0)	(27.0, 118427.0)	(28.0, 191401.0)	(29.0, 291145.0)	(30.0, 416160.0)	(31.0, 570211.0)	(32.0, 745741.0)	(33.0, 953259.0)	(34.0, 1197519.0)	(35.0, 1495871.0)	(36.0, 1897120.0)	(37.0, 2512972.0)	(38.0, 3728861.0)	(39.0, 8121993.0)	(40.0, 37407135.0)
NeuN_minus.B42_T3_HS	(12.0, 1.0)	(13.0, 5.0)	(14.0, 2.0)	(15.0, 5.0)	(16.0, 6.0)	(17.0, 28.0)	(18.0, 80.0)	(19.0, 223.0)	(20.0, 585.0)	(21.0, 1368.0)	(22.0, 3067.0)	(23.0, 6808.0)	(24.0, 15597.0)	(25.0, 32303.0)	(26.0, 62794.0)	(27.0, 111654.0)	(28.0, 183811.0)	(29.0, 282284.0)	(30.0, 404369.0)	(31.0, 556380.0)	(32.0, 728057.0)	(33.0, 932473.0)	(34.0, 1170131.0)	(35.0, 1462726.0)	(36.0, 1863491.0)	(37.0, 2484745.0)	(38.0, 3792275.0)	(39.0, 9092204.0)	(40.0, 38718394.0)
NeuN_minus.B43_T2_HS	(13.0, 1.0)	(14.0, 3.0)	(15.0, 2.0)	(16.0, 2.0)	(17.0, 15.0)	(18.0, 16.0)	(19.0, 67.0)	(20.0, 220.0)	(21.0, 699.0)	(22.0, 1877.0)	(23.0, 4863.0)	(24.0, 12066.0)	(25.0, 25945.0)	(26.0, 51418.0)	(27.0, 93818.0)	(28.0, 156031.0)	(29.0, 238942.0)	(30.0, 345967.0)	(31.0, 472770.0)	(32.0, 620825.0)	(33.0, 791768.0)	(34.0, 990129.0)	(35.0, 1233278.0)	(36.0, 1555195.0)	(37.0, 2054469.0)	(38.0, 3089646.0)	(39.0, 6805288.0)	(40.0, 21468857.0)	
NeuN_minus.B44_T1_HS	(15.0, 2.0)	(16.0, 5.0)	(17.0, 8.0)	(18.0, 14.0)	(19.0, 93.0)	(20.0, 293.0)	(21.0, 903.0)	(22.0, 2634.0)	(23.0, 7224.0)	(24.0, 17415.0)	(25.0, 37520.0)	(26.0, 73504.0)	(27.0, 131175.0)	(28.0, 214836.0)	(29.0, 328240.0)	(30.0, 469937.0)	(31.0, 640804.0)	(32.0, 837514.0)	(33.0, 1059145.0)	(34.0, 1309934.0)	(35.0, 1612749.0)	(36.0, 1990537.0)	(37.0, 2565618.0)	(38.0, 3685075.0)	(39.0, 7503817.0)	(40.0, 22635472.0)			
NeuN_minus.B45_T2_HS	(14.0, 1.0)	(15.0, 1.0)	(16.0, 17.0)	(17.0, 70.0)	(18.0, 231.0)	(19.0, 593.0)	(20.0, 1303.0)	(21.0, 2709.0)	(22.0, 5054.0)	(23.0, 9416.0)	(24.0, 17632.0)	(25.0, 32017.0)	(26.0, 56784.0)	(27.0, 95166.0)	(28.0, 150816.0)	(29.0, 225397.0)	(30.0, 319077.0)	(31.0, 435450.0)	(32.0, 574584.0)	(33.0, 737003.0)	(34.0, 941231.0)	(35.0, 1201342.0)	(36.0, 1568732.0)	(37.0, 2185029.0)	(38.0, 3552917.0)	(39.0, 8455771.0)	(40.0, 32457754.0)		
NeuN_minus.B46_T2_HS	(12.0, 3.0)	(13.0, 0.0)	(14.0, 3.0)	(15.0, 7.0)	(16.0, 3.0)	(17.0, 36.0)	(18.0, 75.0)	(19.0, 179.0)	(20.0, 447.0)	(21.0, 1181.0)	(22.0, 2876.0)	(23.0, 6691.0)	(24.0, 15355.0)	(25.0, 31960.0)	(26.0, 61400.0)	(27.0, 109120.0)	(28.0, 178739.0)	(29.0, 271678.0)	(30.0, 388235.0)	(31.0, 529625.0)	(32.0, 690554.0)	(33.0, 877637.0)	(34.0, 1096397.0)	(35.0, 1355929.0)	(36.0, 1710976.0)	(37.0, 2254617.0)	(38.0, 3334920.0)	(39.0, 7210723.0)	(40.0, 28960026.0)
NeuN_minus.B47_T2_HS	(12.0, 1.0)	(13.0, 0.0)	(14.0, 3.0)	(15.0, 5.0)	(16.0, 18.0)	(17.0, 60.0)	(18.0, 136.0)	(19.0, 380.0)	(20.0, 921.0)	(21.0, 1874.0)	(22.0, 3737.0)	(23.0, 7262.0)	(24.0, 14686.0)	(25.0, 27681.0)	(26.0, 51206.0)	(27.0, 87842.0)	(28.0, 142327.0)	(29.0, 215092.0)	(30.0, 308533.0)	(31.0, 422643.0)	(32.0, 559161.0)	(33.0, 720712.0)	(34.0, 915852.0)	(35.0, 1169868.0)	(36.0, 1519992.0)	(37.0, 2091212.0)	(38.0, 3305531.0)	(39.0, 8003625.0)	(40.0, 34325040.0)
NeuN_minus.B48_T2_HS	(13.0, 4.0)	(14.0, 0.0)	(15.0, 5.0)	(16.0, 13.0)	(17.0, 38.0)	(18.0, 89.0)	(19.0, 261.0)	(20.0, 616.0)	(21.0, 1297.0)	(22.0, 2808.0)	(23.0, 5788.0)	(24.0, 11936.0)	(25.0, 23600.0)	(26.0, 45023.0)	(27.0, 79669.0)	(28.0, 130438.0)	(29.0, 200491.0)	(30.0, 291810.0)	(31.0, 404891.0)	(32.0, 541151.0)	(33.0, 705344.0)	(34.0, 905166.0)	(35.0, 1159121.0)	(36.0, 1501902.0)	(37.0, 2051998.0)	(38.0, 3185194.0)	(39.0, 7697488.0)	(40.0, 34835678.0)	
NeuN_minus.B50_T1_HS	(12.0, 1.0)	(13.0, 1.0)	(14.0, 1.0)	(15.0, 3.0)	(16.0, 7.0)	(17.0, 32.0)	(18.0, 98.0)	(19.0, 314.0)	(20.0, 840.0)	(21.0, 2168.0)	(22.0, 4919.0)	(23.0, 11150.0)	(24.0, 24497.0)	(25.0, 50175.0)	(26.0, 95417.0)	(27.0, 166627.0)	(28.0, 270687.0)	(29.0, 408221.0)	(30.0, 578223.0)	(31.0, 781054.0)	(32.0, 1014328.0)	(33.0, 1282877.0)	(34.0, 1595713.0)	(35.0, 1976754.0)	(36.0, 2495354.0)	(37.0, 3300683.0)	(38.0, 4920075.0)	(39.0, 11079737.0)	(40.0, 56129245.0)
NeuN_minus.B51_T1_HS	(13.0, 2.0)	(14.0, 2.0)	(15.0, 5.0)	(16.0, 26.0)	(17.0, 76.0)	(18.0, 250.0)	(19.0, 715.0)	(20.0, 1476.0)	(21.0, 3134.0)	(22.0, 5854.0)	(23.0, 10614.0)	(24.0, 19562.0)	(25.0, 35407.0)	(26.0, 61563.0)	(27.0, 103293.0)	(28.0, 163404.0)	(29.0, 244619.0)	(30.0, 345012.0)	(31.0, 467120.0)	(32.0, 608818.0)	(33.0, 776588.0)	(34.0, 978257.0)	(35.0, 1235209.0)	(36.0, 1601706.0)	(37.0, 2211240.0)	(38.0, 3594297.0)	(39.0, 8583651.0)	(40.0, 41193577.0)	
NeuN_minus.B52_T1_HS	(13.0, 3.0)	(14.0, 1.0)	(15.0, 6.0)	(16.0, 19.0)	(17.0, 46.0)	(18.0, 166.0)	(19.0, 385.0)	(20.0, 939.0)	(21.0, 1913.0)	(22.0, 3773.0)	(23.0, 7296.0)	(24.0, 14089.0)	(25.0, 26460.0)	(26.0, 48200.0)	(27.0, 82978.0)	(28.0, 133209.0)	(29.0, 202892.0)	(30.0, 293487.0)	(31.0, 405491.0)	(32.0, 539372.0)	(33.0, 703014.0)	(34.0, 901008.0)	(35.0, 1157474.0)	(36.0, 1517358.0)	(37.0, 2096057.0)	(38.0, 3325633.0)	(39.0, 8331800.0)	(40.0, 39228390.0)	
NeuN_minus.B53_T1_HS	(12.0, 1.0)	(13.0, 1.0)	(14.0, 3.0)	(15.0, 6.0)	(16.0, 18.0)	(17.0, 63.0)	(18.0, 197.0)	(19.0, 534.0)	(20.0, 1233.0)	(21.0, 2559.0)	(22.0, 4703.0)	(23.0, 8602.0)	(24.0, 17092.0)	(25.0, 31122.0)	(26.0, 55458.0)	(27.0, 94198.0)	(28.0, 150893.0)	(29.0, 227809.0)	(30.0, 327223.0)	(31.0, 451649.0)	(32.0, 599904.0)	(33.0, 782530.0)	(34.0, 1004146.0)	(35.0, 1290773.0)	(36.0, 1697924.0)	(37.0, 2362369.0)	(38.0, 3757420.0)	(39.0, 9187039.0)	(40.0, 38253869.0)
NeuN_minus.B54_T1_HS	(12.0, 2.0)	(13.0, 3.0)	(14.0, 6.0)	(15.0, 4.0)	(16.0, 12.0)	(17.0, 37.0)	(18.0, 107.0)	(19.0, 281.0)	(20.0, 645.0)	(21.0, 1374.0)	(22.0, 2809.0)	(23.0, 5872.0)	(24.0, 11788.0)	(25.0, 23696.0)	(26.0, 44635.0)	(27.0, 77688.0)	(28.0, 127331.0)	(29.0, 194761.0)	(30.0, 281101.0)	(31.0, 387560.0)	(32.0, 512483.0)	(33.0, 667399.0)	(34.0, 848972.0)	(35.0, 1082390.0)	(36.0, 1402962.0)	(37.0, 1907000.0)	(38.0, 2935966.0)	(39.0, 7021147.0)	(40.0, 33906244.0)
NeuN_minus.B55_T1_HS	(14.0, 3.0)	(15.0, 3.0)	(16.0, 23.0)	(17.0, 70.0)	(18.0, 212.0)	(19.0, 608.0)	(20.0, 1314.0)	(21.0, 2806.0)	(22.0, 5398.0)	(23.0, 10110.0)	(24.0, 19574.0)	(25.0, 36802.0)	(26.0, 64488.0)	(27.0, 109094.0)	(28.0, 171438.0)	(29.0, 255332.0)	(30.0, 362697.0)	(31.0, 491908.0)	(32.0, 644251.0)	(33.0, 823811.0)	(34.0, 1042222.0)	(35.0, 1316565.0)	(36.0, 1692126.0)	(37.0, 2283646.0)	(38.0, 3479044.0)	(39.0, 8159203.0)	(40.0, 36721235.0)		
NeuN_minus.B56_T1_HS	(13.0, 1.0)	(14.0, 2.0)	(15.0, 8.0)	(16.0, 26.0)	(17.0, 73.0)	(18.0, 181.0)	(19.0, 440.0)	(20.0, 1122.0)	(21.0, 2412.0)	(22.0, 4735.0)	(23.0, 9366.0)	(24.0, 18846.0)	(25.0, 35697.0)	(26.0, 65663.0)	(27.0, 111685.0)	(28.0, 180556.0)	(29.0, 272687.0)	(30.0, 389630.0)	(31.0, 533087.0)	(32.0, 700960.0)	(33.0, 903110.0)	(34.0, 1147533.0)	(35.0, 1452495.0)	(36.0, 1874229.0)	(37.0, 2539487.0)	(38.0, 3912462.0)	(39.0, 9315717.0)	(40.0, 40058660.0)	
NeuN_minus.B57_T2_HS	(13.0, 2.0)	(14.0, 7.0)	(15.0, 17.0)	(16.0, 55.0)	(17.0, 180.0)	(18.0, 614.0)	(19.0, 1968.0)	(20.0, 5794.0)	(21.0, 15734.0)	(22.0, 37129.0)	(23.0, 77912.0)	(24.0, 144543.0)	(25.0, 241879.0)	(26.0, 373060.0)	(27.0, 534444.0)	(28.0, 715479.0)	(29.0, 920600.0)	(30.0, 1141719.0)	(31.0, 1392709.0)	(32.0, 1706347.0)	(33.0, 2138765.0)	(34.0, 2819848.0)	(35.0, 4033581.0)	(36.0, 6352915.0)	(37.0, 6501229.0)	(38.0, 3634103.0)	(39.0, 5072622.0)	(40.0, 7129345.0)	
NeuN_minus.B58_T1_HS	(13.0, 2.0)	(14.0, 1.0)	(15.0, 6.0)	(16.0, 8.0)	(17.0, 54.0)	(18.0, 180.0)	(19.0, 475.0)	(20.0, 1133.0)	(21.0, 2833.0)	(22.0, 5895.0)	(23.0, 12452.0)	(24.0, 25511.0)	(25.0, 48796.0)	(26.0, 87906.0)	(27.0, 147707.0)	(28.0, 231533.0)	(29.0, 342636.0)	(30.0, 477609.0)	(31.0, 640414.0)	(32.0, 821894.0)	(33.0, 1029311.0)	(34.0, 1267389.0)	(35.0, 1554569.0)	(36.0, 1939194.0)	(37.0, 2533753.0)	(38.0, 3725027.0)	(39.0, 7945765.0)	(40.0, 28646864.0)	
NeuN_minus.B59_T1_HS	(14.0, 5.0)	(15.0, 10.0)	(16.0, 13.0)	(17.0, 25.0)	(18.0, 60.0)	(19.0, 171.0)	(20.0, 470.0)	(21.0, 1184.0)	(22.0, 3072.0)	(23.0, 7349.0)	(24.0, 17319.0)	(25.0, 36662.0)	(26.0, 72181.0)	(27.0, 130891.0)	(28.0, 217165.0)	(29.0, 334289.0)	(30.0, 483573.0)	(31.0, 662405.0)	(32.0, 873801.0)	(33.0, 1118153.0)	(34.0, 1403620.0)	(35.0, 1755007.0)	(36.0, 2229216.0)	(37.0, 2953067.0)	(38.0, 4398385.0)	(39.0, 9637032.0)	(40.0, 42906452.0)		
NeuN_minus.B60_T1_HS	(13.0, 6.0)	(14.0, 6.0)	(15.0, 6.0)	(16.0, 15.0)	(17.0, 26.0)	(18.0, 69.0)	(19.0, 225.0)	(20.0, 565.0)	(21.0, 1313.0)	(22.0, 3153.0)	(23.0, 7546.0)	(24.0, 17335.0)	(25.0, 35538.0)	(26.0, 69145.0)	(27.0, 122916.0)	(28.0, 200520.0)	(29.0, 304134.0)	(30.0, 430718.0)	(31.0, 585798.0)	(32.0, 763979.0)	(33.0, 966957.0)	(34.0, 1203267.0)	(35.0, 1502851.0)	(36.0, 1908974.0)	(37.0, 2553946.0)	(38.0, 3890729.0)	(39.0, 8880907.0)	(40.0, 40788618.0)	
NeuN_minus.B61_T1_HS	(13.0, 2.0)	(14.0, 1.0)	(15.0, 6.0)	(16.0, 2.0)	(17.0, 7.0)	(18.0, 24.0)	(19.0, 37.0)	(20.0, 126.0)	(21.0, 317.0)	(22.0, 889.0)	(23.0, 2244.0)	(24.0, 5741.0)	(25.0, 12848.0)	(26.0, 27066.0)	(27.0, 50117.0)	(28.0, 83719.0)	(29.0, 130840.0)	(30.0, 188448.0)	(31.0, 258588.0)	(32.0, 337527.0)	(33.0, 430639.0)	(34.0, 539044.0)	(35.0, 674692.0)	(36.0, 857723.0)	(37.0, 1150349.0)	(38.0, 1754924.0)	(39.0, 4137419.0)	(40.0, 21568295.0)	
NeuN_minus.B62_T1_HS	(12.0, 1.0)	(13.0, 4.0)	(14.0, 12.0)	(15.0, 16.0)	(16.0, 13.0)	(17.0, 34.0)	(18.0, 60.0)	(19.0, 165.0)	(20.0, 420.0)	(21.0, 1040.0)	(22.0, 2533.0)	(23.0, 5885.0)	(24.0, 13955.0)	(25.0, 29552.0)	(26.0, 57755.0)	(27.0, 103799.0)	(28.0, 170423.0)	(29.0, 261823.0)	(30.0, 375869.0)	(31.0, 514048.0)	(32.0, 672142.0)	(33.0, 860760.0)	(34.0, 1078494.0)	(35.0, 1350534.0)	(36.0, 1724208.0)	(37.0, 2312024.0)	(38.0, 3523845.0)	(39.0, 8124261.0)	(40.0, 35544879.0)
NeuN_minus.B63_T1_HS	(15.0, 2.0)	(16.0, 4.0)	(17.0, 18.0)	(18.0, 57.0)	(19.0, 180.0)	(20.0, 468.0)	(21.0, 1058.0)	(22.0, 2566.0)	(23.0, 5785.0)	(24.0, 13538.0)	(25.0, 27663.0)	(26.0, 54098.0)	(27.0, 94520.0)	(28.0, 154905.0)	(29.0, 235332.0)	(30.0, 333315.0)	(31.0, 449751.0)	(32.0, 584537.0)	(33.0, 733666.0)	(34.0, 908649.0)	(35.0, 1125633.0)	(36.0, 1417036.0)	(37.0, 1899410.0)	(38.0, 3009974.0)	(39.0, 6761048.0)	(40.0, 29065235.0)			
NeuN_minus.B64_T2_HS	(13.0, 3.0)	(14.0, 3.0)	(15.0, 5.0)	(16.0, 9.0)	(17.0, 23.0)	(18.0, 64.0)	(19.0, 197.0)	(20.0, 541.0)	(21.0, 1208.0)	(22.0, 2660.0)	(23.0, 6125.0)	(24.0, 13841.0)	(25.0, 28526.0)	(26.0, 54775.0)	(27.0, 97830.0)	(28.0, 159377.0)	(29.0, 241636.0)	(30.0, 345615.0)	(31.0, 467120.0)	(32.0, 609492.0)	(33.0, 773262.0)	(34.0, 965236.0)	(35.0, 1202032.0)	(36.0, 1528726.0)	(37.0, 2043164.0)	(38.0, 3123481.0)	(39.0, 7542053.0)	(40.0, 32990507.0)	
NeuN_minus.B65_T1_HS	(13.0, 1.0)	(14.0, 4.0)	(15.0, 2.0)	(16.0, 7.0)	(17.0, 39.0)	(18.0, 90.0)	(19.0, 313.0)	(20.0, 806.0)	(21.0, 1803.0)	(22.0, 3945.0)	(23.0, 8486.0)	(24.0, 18017.0)	(25.0, 35610.0)	(26.0, 65765.0)	(27.0, 114115.0)	(28.0, 182971.0)	(29.0, 273524.0)	(30.0, 384980.0)	(31.0, 517965.0)	(32.0, 667759.0)	(33.0, 837862.0)	(34.0, 1036841.0)	(35.0, 1280395.0)	(36.0, 1609457.0)	(37.0, 2142350.0)	(38.0, 3362741.0)	(39.0, 7497153.0)	(40.0, 29927237.0)	
NeuN_minus.B66_T2_HS	(12.0, 2.0)	(13.0, 3.0)	(14.0, 3.0)	(15.0, 1.0)	(16.0, 18.0)	(17.0, 38.0)	(18.0, 110.0)	(19.0, 302.0)	(20.0, 723.0)	(21.0, 1662.0)	(22.0, 3653.0)	(23.0, 7901.0)	(24.0, 17095.0)	(25.0, 34333.0)	(26.0, 65626.0)	(27.0, 115717.0)	(28.0, 186276.0)	(29.0, 282737.0)	(30.0, 398952.0)	(31.0, 539145.0)	(32.0, 701330.0)	(33.0, 885991.0)	(34.0, 1106470.0)	(35.0, 1378887.0)	(36.0, 1747063.0)	(37.0, 2331922.0)	(38.0, 3540178.0)	(39.0, 8441881.0)	(40.0, 38965770.0)
NeuN_minus.B67_T1_HS	(14.0, 1.0)	(15.0, 1.0)	(16.0, 3.0)	(17.0, 10.0)	(18.0, 39.0)	(19.0, 83.0)	(20.0, 251.0)	(21.0, 693.0)	(22.0, 1872.0)	(23.0, 5243.0)	(24.0, 13347.0)	(25.0, 30304.0)	(26.0, 63235.0)	(27.0, 117149.0)	(28.0, 197499.0)	(29.0, 304867.0)	(30.0, 438076.0)	(31.0, 595941.0)	(32.0, 773257.0)	(33.0, 973928.0)	(34.0, 1202226.0)	(35.0, 1481155.0)	(36.0, 1858462.0)	(37.0, 2453183.0)	(38.0, 3691396.0)	(39.0, 8454589.0)	(40.0, 47089408.0)		
NeuN_minus.B68_T2_HS	(15.0, 7.0)	(16.0, 2.0)	(17.0, 11.0)	(18.0, 33.0)	(19.0, 96.0)	(20.0, 303.0)	(21.0, 1067.0)	(22.0, 3102.0)	(23.0, 8940.0)	(24.0, 22274.0)	(25.0, 48318.0)	(26.0, 94218.0)	(27.0, 163527.0)	(28.0, 258276.0)	(29.0, 378156.0)	(30.0, 517022.0)	(31.0, 676136.0)	(32.0, 854873.0)	(33.0, 1059837.0)	(34.0, 1316536.0)	(35.0, 1698535.0)	(36.0, 2550105.0)	(37.0, 5123843.0)	(38.0, 6837578.0)	(39.0, 5638585.0)	(40.0, 9991225.0)			
NeuN_minus.B69_T1_HS	(12.0, 3.0)	(13.0, 0.0)	(14.0, 0.0)	(15.0, 3.0)	(16.0, 2.0)	(17.0, 24.0)	(18.0, 48.0)	(19.0, 153.0)	(20.0, 513.0)	(21.0, 1788.0)	(22.0, 5449.0)	(23.0, 14727.0)	(24.0, 35993.0)	(25.0, 77467.0)	(26.0, 147899.0)	(27.0, 254212.0)	(28.0, 399467.0)	(29.0, 578496.0)	(30.0, 785761.0)	(31.0, 1019708.0)	(32.0, 1279441.0)	(33.0, 1575649.0)	(34.0, 1953072.0)	(35.0, 2513308.0)	(36.0, 3786222.0)	(37.0, 7626006.0)	(38.0, 10011185.0)	(39.0, 8267094.0)	(40.0, 14511802.0)
NeuN_minus.B70_T1_HS	(14.0, 2.0)	(15.0, 4.0)	(16.0, 4.0)	(17.0, 11.0)	(18.0, 64.0)	(19.0, 160.0)	(20.0, 586.0)	(21.0, 1788.0)	(22.0, 5223.0)	(23.0, 14535.0)	(24.0, 36132.0)	(25.0, 77584.0)	(26.0, 150421.0)	(27.0, 259467.0)	(28.0, 407254.0)	(29.0, 589451.0)	(30.0, 800438.0)	(31.0, 1039142.0)	(32.0, 1297443.0)	(33.0, 1598533.0)	(34.0, 1976631.0)	(35.0, 2537083.0)	(36.0, 3837131.0)	(37.0, 8047322.0)	(38.0, 10467815.0)	(39.0, 8415288.0)	(40.0, 15935624.0)		
NeuN_minus.B71_T1_HS	(13.0, 1.0)	(14.0, 2.0)	(15.0, 2.0)	(16.0, 12.0)	(17.0, 45.0)	(18.0, 110.0)	(19.0, 339.0)	(20.0, 812.0)	(21.0, 2096.0)	(22.0, 4213.0)	(23.0, 8766.0)	(24.0, 18463.0)	(25.0, 35740.0)	(26.0, 65765.0)	(27.0, 112797.0)	(28.0, 178279.0)	(29.0, 265095.0)	(30.0, 371194.0)	(31.0, 496924.0)	(32.0, 636878.0)	(33.0, 793922.0)	(34.0, 976795.0)	(35.0, 1197303.0)	(36.0, 1499350.0)	(37.0, 1969199.0)	(38.0, 2952034.0)	(39.0, 6918891.0)	(40.0, 31100165.0)	
NeuN_minus.B72_T1_HS	(12.0, 1.0)	(13.0, 0.0)	(14.0, 2.0)	(15.0, 1.0)	(16.0, 6.0)	(17.0, 15.0)	(18.0, 48.0)	(19.0, 98.0)	(20.0, 313.0)	(21.0, 743.0)	(22.0, 1896.0)	(23.0, 4332.0)	(24.0, 10592.0)	(25.0, 22520.0)	(26.0, 44944.0)	(27.0, 82511.0)	(28.0, 136166.0)	(29.0, 209039.0)	(30.0, 297897.0)	(31.0, 404159.0)	(32.0, 525378.0)	(33.0, 662201.0)	(34.0, 820285.0)	(35.0, 1016022.0)	(36.0, 1281071.0)	(37.0, 1696456.0)	(38.0, 2539709.0)	(39.0, 5866466.0)	(40.0, 36877658.0)
NeuN_minus.B73_T1_HS	(12.0, 2.0)	(13.0, 1.0)	(14.0, 2.0)	(15.0, 4.0)	(16.0, 8.0)	(17.0, 35.0)	(18.0, 96.0)	(19.0, 242.0)	(20.0, 603.0)	(21.0, 1493.0)	(22.0, 3285.0)	(23.0, 7141.0)	(24.0, 15795.0)	(25.0, 32047.0)	(26.0, 61081.0)	(27.0, 107352.0)	(28.0, 175072.0)	(29.0, 265049.0)	(30.0, 380620.0)	(31.0, 518374.0)	(32.0, 679447.0)	(33.0, 865575.0)	(34.0, 1088541.0)	(35.0, 1365696.0)	(36.0, 1739789.0)	(37.0, 2328731.0)	(38.0, 3557537.0)	(39.0, 8499844.0)	(40.0, 37156679.0)
NeuN_minus.B74_T1_HS	(12.0, 3.0)	(13.0, 1.0)	(14.0, 4.0)	(15.0, 4.0)	(16.0, 10.0)	(17.0, 33.0)	(18.0, 103.0)	(19.0, 215.0)	(20.0, 524.0)	(21.0, 1264.0)	(22.0, 2963.0)	(23.0, 6762.0)	(24.0, 15058.0)	(25.0, 32300.0)	(26.0, 62802.0)	(27.0, 112096.0)	(28.0, 183485.0)	(29.0, 277293.0)	(30.0, 394091.0)	(31.0, 532453.0)	(32.0, 689114.0)	(33.0, 870281.0)	(34.0, 1080544.0)	(35.0, 1344224.0)	(36.0, 1698362.0)	(37.0, 2268416.0)	(38.0, 3470437.0)	(39.0, 8370475.0)	(40.0, 40068219.0)
NeuN_plus.B21_T2_HS	(12.0, 1.0)	(13.0, 1.0)	(14.0, 0.0)	(15.0, 3.0)	(16.0, 11.0)	(17.0, 36.0)	(18.0, 76.0)	(19.0, 213.0)	(20.0, 499.0)	(21.0, 1123.0)	(22.0, 2197.0)	(23.0, 4745.0)	(24.0, 10183.0)	(25.0, 21337.0)	(26.0, 42383.0)	(27.0, 77529.0)	(28.0, 130736.0)	(29.0, 204439.0)	(30.0, 297797.0)	(31.0, 410752.0)	(32.0, 543000.0)	(33.0, 698529.0)	(34.0, 882841.0)	(35.0, 1117899.0)	(36.0, 1448671.0)	(37.0, 2003595.0)	(38.0, 3319269.0)	(39.0, 8034245.0)	(40.0, 51157861.0)
NeuN_plus.B22_T2_HS	(12.0, 2.0)	(13.0, 2.0)	(14.0, 3.0)	(15.0, 3.0)	(16.0, 14.0)	(17.0, 48.0)	(18.0, 135.0)	(19.0, 348.0)	(20.0, 800.0)	(21.0, 1690.0)	(22.0, 3400.0)	(23.0, 6458.0)	(24.0, 12632.0)	(25.0, 24319.0)	(26.0, 44156.0)	(27.0, 77276.0)	(28.0, 125329.0)	(29.0, 192649.0)	(30.0, 279861.0)	(31.0, 390974.0)	(32.0, 526892.0)	(33.0, 691627.0)	(34.0, 893836.0)	(35.0, 1156260.0)	(36.0, 1524090.0)	(37.0, 2123316.0)	(38.0, 3384581.0)	(39.0, 8466209.0)	(40.0, 36226638.0)
NeuN_plus.B25_T3_HS	(12.0, 1.0)	(13.0, 1.0)	(14.0, 2.0)	(15.0, 5.0)	(16.0, 12.0)	(17.0, 50.0)	(18.0, 133.0)	(19.0, 348.0)	(20.0, 747.0)	(21.0, 1707.0)	(22.0, 3466.0)	(23.0, 7215.0)	(24.0, 15653.0)	(25.0, 31948.0)	(26.0, 61658.0)	(27.0, 109553.0)	(28.0, 181865.0)	(29.0, 278459.0)	(30.0, 403337.0)	(31.0, 552857.0)	(32.0, 733326.0)	(33.0, 944618.0)	(34.0, 1198650.0)	(35.0, 1521400.0)	(36.0, 1974756.0)	(37.0, 2700807.0)	(38.0, 4237637.0)	(39.0, 10134060.0)	(40.0, 59075904.0)
NeuN_plus.B27_T1_HS	(13.0, 3.0)	(14.0, 2.0)	(15.0, 1.0)	(16.0, 6.0)	(17.0, 26.0)	(18.0, 63.0)	(19.0, 174.0)	(20.0, 495.0)	(21.0, 1150.0)	(22.0, 2746.0)	(23.0, 6311.0)	(24.0, 14774.0)	(25.0, 32097.0)	(26.0, 64328.0)	(27.0, 118231.0)	(28.0, 198118.0)	(29.0, 308076.0)	(30.0, 447813.0)	(31.0, 616621.0)	(32.0, 813390.0)	(33.0, 1040217.0)	(34.0, 1301132.0)	(35.0, 1623914.0)	(36.0, 2054194.0)	(37.0, 2726415.0)	(38.0, 4105057.0)	(39.0, 9354431.0)	(40.0, 42323575.0)	
NeuN_plus.B28_T3_HS	(16.0, 2.0)	(17.0, 3.0)	(18.0, 17.0)	(19.0, 64.0)	(20.0, 192.0)	(21.0, 721.0)	(22.0, 2132.0)	(23.0, 5426.0)	(24.0, 13757.0)	(25.0, 29880.0)	(26.0, 59623.0)	(27.0, 107679.0)	(28.0, 178819.0)	(29.0, 274077.0)	(30.0, 392909.0)	(31.0, 536475.0)	(32.0, 696438.0)	(33.0, 877768.0)	(34.0, 1076020.0)	(35.0, 1307860.0)	(36.0, 1601916.0)	(37.0, 2036521.0)	(38.0, 2895357.0)	(39.0, 5680622.0)	(40.0, 15249632.0)				
NeuN_plus.B30_T1_HS	(15.0, 3.0)	(16.0, 8.0)	(17.0, 30.0)	(18.0, 80.0)	(19.0, 198.0)	(20.0, 552.0)	(21.0, 1179.0)	(22.0, 2352.0)	(23.0, 4825.0)	(24.0, 10302.0)	(25.0, 20755.0)	(26.0, 39475.0)	(27.0, 70354.0)	(28.0, 117088.0)	(29.0, 181764.0)	(30.0, 265694.0)	(31.0, 371673.0)	(32.0, 498406.0)	(33.0, 650685.0)	(34.0, 834942.0)	(35.0, 1073781.0)	(36.0, 1398860.0)	(37.0, 1918820.0)	(38.0, 2991024.0)	(39.0, 7228603.0)	(40.0, 40185063.0)			
NeuN_plus.B31_T1_HS	(13.0, 2.0)	(14.0, 6.0)	(15.0, 3.0)	(16.0, 12.0)	(17.0, 16.0)	(18.0, 48.0)	(19.0, 138.0)	(20.0, 381.0)	(21.0, 1012.0)	(22.0, 2742.0)	(23.0, 6730.0)	(24.0, 16057.0)	(25.0, 33863.0)	(26.0, 67189.0)	(27.0, 120618.0)	(28.0, 198698.0)	(29.0, 307772.0)	(30.0, 442385.0)	(31.0, 606333.0)	(32.0, 796725.0)	(33.0, 1015042.0)	(34.0, 1268468.0)	(35.0, 1580014.0)	(36.0, 1993010.0)	(37.0, 2629437.0)	(38.0, 3909500.0)	(39.0, 8611437.0)	(40.0, 32631446.0)	
NeuN_plus.B32_T3_HS	(13.0, 1.0)	(14.0, 2.0)	(15.0, 11.0)	(16.0, 27.0)	(17.0, 116.0)	(18.0, 440.0)	(19.0, 1346.0)	(20.0, 4272.0)	(21.0, 12078.0)	(22.0, 29528.0)	(23.0, 64101.0)	(24.0, 124317.0)	(25.0, 214270.0)	(26.0, 338593.0)	(27.0, 493280.0)	(28.0, 672322.0)	(29.0, 876729.0)	(30.0, 1097419.0)	(31.0, 1349137.0)	(32.0, 1655486.0)	(33.0, 2083542.0)	(34.0, 2760152.0)	(35.0, 4045290.0)	(36.0, 6731570.0)	(37.0, 7342593.0)	(38.0, 4002023.0)	(39.0, 5314721.0)	(40.0, 8524366.0)	
NeuN_plus.B33_T1_HS	(12.0, 1.0)	(13.0, 2.0)	(14.0, 1.0)	(15.0, 4.0)	(16.0, 16.0)	(17.0, 38.0)	(18.0, 118.0)	(19.0, 353.0)	(20.0, 905.0)	(21.0, 2199.0)	(22.0, 5167.0)	(23.0, 11158.0)	(24.0, 23653.0)	(25.0, 45681.0)	(26.0, 84087.0)	(27.0, 144204.0)	(28.0, 230515.0)	(29.0, 346887.0)	(30.0, 491688.0)	(31.0, 667267.0)	(32.0, 871985.0)	(33.0, 1105198.0)	(34.0, 1375440.0)	(35.0, 1704647.0)	(36.0, 2134222.0)	(37.0, 2791689.0)	(38.0, 4088037.0)	(39.0, 8833898.0)	(40.0, 25429017.0)
NeuN_plus.B34_T4_HS	(13.0, 5.0)	(14.0, 4.0)	(15.0, 4.0)	(16.0, 9.0)	(17.0, 49.0)	(18.0, 111.0)	(19.0, 264.0)	(20.0, 635.0)	(21.0, 1236.0)	(22.0, 2555.0)	(23.0, 5256.0)	(24.0, 10848.0)	(25.0, 21019.0)	(26.0, 39703.0)	(27.0, 70547.0)	(28.0, 116787.0)	(29.0, 180236.0)	(30.0, 261563.0)	(31.0, 365219.0)	(32.0, 487956.0)	(33.0, 638667.0)	(34.0, 821995.0)	(35.0, 1052899.0)	(36.0, 1374513.0)	(37.0, 1885893.0)	(38.0, 2950977.0)	(39.0, 7162051.0)	(40.0, 35701312.0)	
NeuN_plus.B35_T3_HS	(15.0, 3.0)	(16.0, 6.0)	(17.0, 29.0)	(18.0, 57.0)	(19.0, 154.0)	(20.0, 415.0)	(21.0, 884.0)	(22.0, 1844.0)	(23.0, 4164.0)	(24.0, 9184.0)	(25.0, 18798.0)	(26.0, 37322.0)	(27.0, 66697.0)	(28.0, 111879.0)	(29.0, 173170.0)	(30.0, 251314.0)	(31.0, 346118.0)	(32.0, 458206.0)	(33.0, 591931.0)	(34.0, 752829.0)	(35.0, 953165.0)	(36.0, 1228803.0)	(37.0, 1665683.0)	(38.0, 2547856.0)	(39.0, 6081503.0)	(40.0, 33753763.0)			
NeuN_plus.B36_T3_HS	(12.0, 1.0)	(13.0, 0.0)	(14.0, 2.0)	(15.0, 1.0)	(16.0, 3.0)	(17.0, 9.0)	(18.0, 18.0)	(19.0, 42.0)	(20.0, 108.0)	(21.0, 313.0)	(22.0, 830.0)	(23.0, 2199.0)	(24.0, 5837.0)	(25.0, 13633.0)	(26.0, 27989.0)	(27.0, 52943.0)	(28.0, 89825.0)	(29.0, 139834.0)	(30.0, 202739.0)	(31.0, 276532.0)	(32.0, 362390.0)	(33.0, 460009.0)	(34.0, 575534.0)	(35.0, 718288.0)	(36.0, 918616.0)	(37.0, 1245417.0)	(38.0, 1953212.0)	(39.0, 4629416.0)	(40.0, 29119060.0)
NeuN_plus.B37_T1_HS	(12.0, 1.0)	(13.0, 0.0)	(14.0, 2.0)	(15.0, 3.0)	(16.0, 4.0)	(17.0, 16.0)	(18.0, 45.0)	(19.0, 115.0)	(20.0, 312.0)	(21.0, 887.0)	(22.0, 2354.0)	(23.0, 5997.0)	(24.0, 14597.0)	(25.0, 31368.0)	(26.0, 63115.0)	(27.0, 116740.0)	(28.0, 195276.0)	(29.0, 303353.0)	(30.0, 439793.0)	(31.0, 602803.0)	(32.0, 789868.0)	(33.0, 1002628.0)	(34.0, 1241601.0)	(35.0, 1531832.0)	(36.0, 1912297.0)	(37.0, 2496470.0)	(38.0, 3649669.0)	(39.0, 7859478.0)	(40.0, 36338816.0)
NeuN_plus.B38_T1_HS	(13.0, 2.0)	(14.0, 3.0)	(15.0, 5.0)	(16.0, 7.0)	(17.0, 19.0)	(18.0, 47.0)	(19.0, 142.0)	(20.0, 359.0)	(21.0, 951.0)	(22.0, 2473.0)	(23.0, 6139.0)	(24.0, 14717.0)	(25.0, 31707.0)	(26.0, 64028.0)	(27.0, 117083.0)	(28.0, 194913.0)	(29.0, 302257.0)	(30.0, 437268.0)	(31.0, 597101.0)	(32.0, 782777.0)	(33.0, 990279.0)	(34.0, 1230817.0)	(35.0, 1520838.0)	(36.0, 1901959.0)	(37.0, 2487011.0)	(38.0, 3654945.0)	(39.0, 7938023.0)	(40.0, 35203153.0)	
NeuN_plus.B39_T1_HS	(13.0, 3.0)	(14.0, 1.0)	(15.0, 3.0)	(16.0, 7.0)	(17.0, 30.0)	(18.0, 83.0)	(19.0, 195.0)	(20.0, 503.0)	(21.0, 1262.0)	(22.0, 2902.0)	(23.0, 6253.0)	(24.0, 13878.0)	(25.0, 28641.0)	(26.0, 55147.0)	(27.0, 97673.0)	(28.0, 160150.0)	(29.0, 245046.0)	(30.0, 354580.0)	(31.0, 487450.0)	(32.0, 643029.0)	(33.0, 826195.0)	(34.0, 1040962.0)	(35.0, 1306335.0)	(36.0, 1654715.0)	(37.0, 2194242.0)	(38.0, 3250909.0)	(39.0, 7124549.0)	(40.0, 29708001.0)	
NeuN_plus.B40_T2_HS	(13.0, 1.0)	(14.0, 3.0)	(15.0, 3.0)	(16.0, 7.0)	(17.0, 25.0)	(18.0, 99.0)	(19.0, 300.0)	(20.0, 816.0)	(21.0, 1860.0)	(22.0, 4346.0)	(23.0, 9558.0)	(24.0, 21702.0)	(25.0, 45044.0)	(26.0, 86994.0)	(27.0, 154300.0)	(28.0, 251652.0)	(29.0, 382644.0)	(30.0, 547248.0)	(31.0, 745397.0)	(32.0, 973940.0)	(33.0, 1238757.0)	(34.0, 1555326.0)	(35.0, 1944258.0)	(36.0, 2468227.0)	(37.0, 3292450.0)	(38.0, 4964156.0)	(39.0, 11559802.0)	(40.0, 60685152.0)	
NeuN_plus.B41_T1_HS	(12.0, 2.0)	(13.0, 3.0)	(14.0, 4.0)	(15.0, 5.0)	(16.0, 12.0)	(17.0, 41.0)	(18.0, 107.0)	(19.0, 257.0)	(20.0, 662.0)	(21.0, 1475.0)	(22.0, 3303.0)	(23.0, 7203.0)	(24.0, 15904.0)	(25.0, 32299.0)	(26.0, 61581.0)	(27.0, 108668.0)	(28.0, 179376.0)	(29.0, 276054.0)	(30.0, 399396.0)	(31.0, 552753.0)	(32.0, 731884.0)	(33.0, 942917.0)	(34.0, 1192434.0)	(35.0, 1500222.0)	(36.0, 1910811.0)	(37.0, 2531026.0)	(38.0, 3762850.0)	(39.0, 8270305.0)	(40.0, 35579996.0)
NeuN_plus.B45_T2_HS	(12.0, 2.0)	(13.0, 2.0)	(14.0, 4.0)	(15.0, 5.0)	(16.0, 14.0)	(17.0, 40.0)	(18.0, 173.0)	(19.0, 369.0)	(20.0, 883.0)	(21.0, 1816.0)	(22.0, 3534.0)	(23.0, 7005.0)	(24.0, 13840.0)	(25.0, 26423.0)	(26.0, 48741.0)	(27.0, 83907.0)	(28.0, 135078.0)	(29.0, 204967.0)	(30.0, 296377.0)	(31.0, 407822.0)	(32.0, 541234.0)	(33.0, 699533.0)	(34.0, 895276.0)	(35.0, 1145838.0)	(36.0, 1504327.0)	(37.0, 2107970.0)	(38.0, 3463016.0)	(39.0, 8460909.0)	(40.0, 33467151.0)
NeuN_plus.B46_T2_HS	(13.0, 1.0)	(14.0, 5.0)	(15.0, 10.0)	(16.0, 7.0)	(17.0, 32.0)	(18.0, 88.0)	(19.0, 237.0)	(20.0, 538.0)	(21.0, 1467.0)	(22.0, 3331.0)	(23.0, 7807.0)	(24.0, 17407.0)	(25.0, 36044.0)	(26.0, 69185.0)	(27.0, 122189.0)	(28.0, 197970.0)	(29.0, 300886.0)	(30.0, 430763.0)	(31.0, 585049.0)	(32.0, 761218.0)	(33.0, 964859.0)	(34.0, 1205783.0)	(35.0, 1491654.0)	(36.0, 1871254.0)	(37.0, 2463431.0)	(38.0, 3625402.0)	(39.0, 7773395.0)	(40.0, 31837995.0)	
NeuN_plus.B47_T2_HS	(12.0, 2.0)	(13.0, 0.0)	(14.0, 0.0)	(15.0, 4.0)	(16.0, 19.0)	(17.0, 53.0)	(18.0, 173.0)	(19.0, 464.0)	(20.0, 1019.0)	(21.0, 2100.0)	(22.0, 4058.0)	(23.0, 7770.0)	(24.0, 15580.0)	(25.0, 29950.0)	(26.0, 54378.0)	(27.0, 95127.0)	(28.0, 155062.0)	(29.0, 235832.0)	(30.0, 339194.0)	(31.0, 467397.0)	(32.0, 622328.0)	(33.0, 806627.0)	(34.0, 1032405.0)	(35.0, 1316542.0)	(36.0, 1712938.0)	(37.0, 2342724.0)	(38.0, 3643590.0)	(39.0, 8701910.0)	(40.0, 42547480.0)
NeuN_plus.B50_T1_HS	(15.0, 1.0)	(16.0, 7.0)	(17.0, 39.0)	(18.0, 134.0)	(19.0, 357.0)	(20.0, 930.0)	(21.0, 2234.0)	(22.0, 5158.0)	(23.0, 11401.0)	(24.0, 24759.0)	(25.0, 49571.0)	(26.0, 94443.0)	(27.0, 165829.0)	(28.0, 269424.0)	(29.0, 407962.0)	(30.0, 579774.0)	(31.0, 789416.0)	(32.0, 1027413.0)	(33.0, 1310017.0)	(34.0, 1640031.0)	(35.0, 2042314.0)	(36.0, 2597622.0)	(37.0, 3463109.0)	(38.0, 5212215.0)	(39.0, 12019967.0)	(40.0, 60555629.0)			
NeuN_plus.B51_T1_HS	(13.0, 1.0)	(14.0, 2.0)	(15.0, 5.0)	(16.0, 9.0)	(17.0, 54.0)	(18.0, 160.0)	(19.0, 395.0)	(20.0, 929.0)	(21.0, 1883.0)	(22.0, 3725.0)	(23.0, 7394.0)	(24.0, 14372.0)	(25.0, 28439.0)	(26.0, 53584.0)	(27.0, 94750.0)	(28.0, 156413.0)	(29.0, 239712.0)	(30.0, 347386.0)	(31.0, 477820.0)	(32.0, 631503.0)	(33.0, 812213.0)	(34.0, 1028853.0)	(35.0, 1304869.0)	(36.0, 1692805.0)	(37.0, 2341104.0)	(38.0, 3843240.0)	(39.0, 9255624.0)	(40.0, 52370021.0)	
NeuN_plus.B52_T1_HS	(12.0, 4.0)	(13.0, 6.0)	(14.0, 7.0)	(15.0, 6.0)	(16.0, 27.0)	(17.0, 58.0)	(18.0, 164.0)	(19.0, 481.0)	(20.0, 999.0)	(21.0, 2245.0)	(22.0, 4151.0)	(23.0, 7939.0)	(24.0, 15961.0)	(25.0, 30509.0)	(26.0, 55852.0)	(27.0, 99081.0)	(28.0, 162365.0)	(29.0, 249951.0)	(30.0, 365682.0)	(31.0, 511785.0)	(32.0, 690814.0)	(33.0, 906603.0)	(34.0, 1173118.0)	(35.0, 1513829.0)	(36.0, 1987732.0)	(37.0, 2749218.0)	(38.0, 4343519.0)	(39.0, 10933576.0)	(40.0, 52823990.0)
NeuN_plus.B53_T1_HS	(14.0, 2.0)	(15.0, 3.0)	(16.0, 21.0)	(17.0, 68.0)	(18.0, 232.0)	(19.0, 547.0)	(20.0, 1304.0)	(21.0, 2633.0)	(22.0, 4826.0)	(23.0, 8871.0)	(24.0, 16868.0)	(25.0, 30879.0)	(26.0, 54952.0)	(27.0, 93887.0)	(28.0, 151800.0)	(29.0, 231100.0)	(30.0, 333441.0)	(31.0, 462140.0)	(32.0, 618578.0)	(33.0, 808345.0)	(34.0, 1042365.0)	(35.0, 1340903.0)	(36.0, 1753036.0)	(37.0, 2411221.0)	(38.0, 3773032.0)	(39.0, 9255033.0)	(40.0, 44409235.0)		
NeuN_plus.B54_T1_HS	(13.0, 1.0)	(14.0, 5.0)	(15.0, 2.0)	(16.0, 11.0)	(17.0, 37.0)	(18.0, 135.0)	(19.0, 344.0)	(20.0, 733.0)	(21.0, 1621.0)	(22.0, 3187.0)	(23.0, 6772.0)	(24.0, 13918.0)	(25.0, 28054.0)	(26.0, 53706.0)	(27.0, 94619.0)	(28.0, 156163.0)	(29.0, 241529.0)	(30.0, 350736.0)	(31.0, 485321.0)	(32.0, 647026.0)	(33.0, 838536.0)	(34.0, 1070944.0)	(35.0, 1364711.0)	(36.0, 1763254.0)	(37.0, 2391476.0)	(38.0, 3661506.0)	(39.0, 8644704.0)	(40.0, 49410436.0)	
NeuN_plus.B55_T1_HS	(14.0, 4.0)	(15.0, 5.0)	(16.0, 10.0)	(17.0, 73.0)	(18.0, 217.0)	(19.0, 546.0)	(20.0, 1205.0)	(21.0, 2587.0)	(22.0, 4921.0)	(23.0, 9579.0)	(24.0, 18260.0)	(25.0, 34125.0)	(26.0, 61404.0)	(27.0, 104045.0)	(28.0, 166536.0)	(29.0, 251810.0)	(30.0, 357162.0)	(31.0, 489390.0)	(32.0, 646684.0)	(33.0, 832365.0)	(34.0, 1060341.0)	(35.0, 1344953.0)	(36.0, 1731242.0)	(37.0, 2334747.0)	(38.0, 3541241.0)	(39.0, 8204299.0)	(40.0, 37982018.0)		
NeuN_plus.B56_T1_HS	(14.0, 2.0)	(15.0, 3.0)	(16.0, 5.0)	(17.0, 35.0)	(18.0, 96.0)	(19.0, 284.0)	(20.0, 608.0)	(21.0, 1347.0)	(22.0, 2805.0)	(23.0, 5635.0)	(24.0, 11826.0)	(25.0, 23645.0)	(26.0, 44831.0)	(27.0, 79710.0)	(28.0, 130552.0)	(29.0, 199016.0)	(30.0, 287569.0)	(31.0, 396423.0)	(32.0, 524253.0)	(33.0, 677913.0)	(34.0, 860975.0)	(35.0, 1093286.0)	(36.0, 1409755.0)	(37.0, 1906914.0)	(38.0, 2919926.0)	(39.0, 6897188.0)	(40.0, 34796583.0)		
NeuN_plus.B57_T2_HS	(14.0, 2.0)	(15.0, 15.0)	(16.0, 41.0)	(17.0, 138.0)	(18.0, 519.0)	(19.0, 1805.0)	(20.0, 5725.0)	(21.0, 16294.0)	(22.0, 39477.0)	(23.0, 84329.0)	(24.0, 159558.0)	(25.0, 271504.0)	(26.0, 421453.0)	(27.0, 603795.0)	(28.0, 815952.0)	(29.0, 1053703.0)	(30.0, 1312776.0)	(31.0, 1612753.0)	(32.0, 1989185.0)	(33.0, 2514939.0)	(34.0, 3363405.0)	(35.0, 4955431.0)	(36.0, 8185998.0)	(37.0, 8763234.0)	(38.0, 4665825.0)	(39.0, 6451008.0)	(40.0, 10007893.0)		
NeuN_plus.B58_T1_HS	(13.0, 2.0)	(14.0, 6.0)	(15.0, 6.0)	(16.0, 14.0)	(17.0, 34.0)	(18.0, 88.0)	(19.0, 227.0)	(20.0, 576.0)	(21.0, 1467.0)	(22.0, 3428.0)	(23.0, 8311.0)	(24.0, 19074.0)	(25.0, 39721.0)	(26.0, 77414.0)	(27.0, 137826.0)	(28.0, 225001.0)	(29.0, 343108.0)	(30.0, 489544.0)	(31.0, 664505.0)	(32.0, 864051.0)	(33.0, 1097390.0)	(34.0, 1359921.0)	(35.0, 1681773.0)	(36.0, 2113277.0)	(37.0, 2785150.0)	(38.0, 4123006.0)	(39.0, 8917944.0)	(40.0, 38850317.0)	
NeuN_plus.B60_T1_HS	(12.0, 1.0)	(13.0, 3.0)	(14.0, 8.0)	(15.0, 16.0)	(16.0, 15.0)	(17.0, 38.0)	(18.0, 112.0)	(19.0, 246.0)	(20.0, 630.0)	(21.0, 1570.0)	(22.0, 3644.0)	(23.0, 8325.0)	(24.0, 19701.0)	(25.0, 40885.0)	(26.0, 79121.0)	(27.0, 140127.0)	(28.0, 227906.0)	(29.0, 349297.0)	(30.0, 499801.0)	(31.0, 680838.0)	(32.0, 890357.0)	(33.0, 1135217.0)	(34.0, 1420320.0)	(35.0, 1776671.0)	(36.0, 2263882.0)	(37.0, 3034288.0)	(38.0, 4625813.0)	(39.0, 10623016.0)	(40.0, 46191462.0)
NeuN_plus.B61_T1_HS	(13.0, 3.0)	(14.0, 0.0)	(15.0, 9.0)	(16.0, 14.0)	(17.0, 35.0)	(18.0, 122.0)	(19.0, 309.0)	(20.0, 718.0)	(21.0, 1794.0)	(22.0, 3717.0)	(23.0, 8108.0)	(24.0, 17171.0)	(25.0, 34419.0)	(26.0, 63823.0)	(27.0, 112022.0)	(28.0, 181803.0)	(29.0, 277237.0)	(30.0, 395902.0)	(31.0, 543243.0)	(32.0, 713299.0)	(33.0, 914093.0)	(34.0, 1152720.0)	(35.0, 1445756.0)	(36.0, 1847842.0)	(37.0, 2471222.0)	(38.0, 3746222.0)	(39.0, 8494570.0)	(40.0, 33308281.0)	
NeuN_plus.B62_T1_HS	(12.0, 1.0)	(13.0, 1.0)	(14.0, 3.0)	(15.0, 11.0)	(16.0, 8.0)	(17.0, 33.0)	(18.0, 107.0)	(19.0, 225.0)	(20.0, 596.0)	(21.0, 1529.0)	(22.0, 3620.0)	(23.0, 8137.0)	(24.0, 18420.0)	(25.0, 37630.0)	(26.0, 72451.0)	(27.0, 127967.0)	(28.0, 207848.0)	(29.0, 315237.0)	(30.0, 448881.0)	(31.0, 609016.0)	(32.0, 797425.0)	(33.0, 1014042.0)	(34.0, 1272955.0)	(35.0, 1590800.0)	(36.0, 2028075.0)	(37.0, 2725353.0)	(38.0, 4183175.0)	(39.0, 9743084.0)	(40.0, 40632540.0)
NeuN_plus.B65_T1_HS	(14.0, 2.0)	(15.0, 0.0)	(16.0, 6.0)	(17.0, 32.0)	(18.0, 56.0)	(19.0, 197.0)	(20.0, 532.0)	(21.0, 1367.0)	(22.0, 2888.0)	(23.0, 6770.0)	(24.0, 15220.0)	(25.0, 32210.0)	(26.0, 62651.0)	(27.0, 112622.0)	(28.0, 185537.0)	(29.0, 283914.0)	(30.0, 406632.0)	(31.0, 551959.0)	(32.0, 719678.0)	(33.0, 911401.0)	(34.0, 1136493.0)	(35.0, 1407553.0)	(36.0, 1778593.0)	(37.0, 2376815.0)	(38.0, 3745716.0)	(39.0, 8331462.0)	(40.0, 37079886.0)		
NeuN_plus.B66_T2_HS	(12.0, 2.0)	(13.0, 2.0)	(14.0, 7.0)	(15.0, 5.0)	(16.0, 13.0)	(17.0, 20.0)	(18.0, 56.0)	(19.0, 162.0)	(20.0, 373.0)	(21.0, 871.0)	(22.0, 2021.0)	(23.0, 4812.0)	(24.0, 10936.0)	(25.0, 23646.0)	(26.0, 46884.0)	(27.0, 86121.0)	(28.0, 142097.0)	(29.0, 220903.0)	(30.0, 317952.0)	(31.0, 436934.0)	(32.0, 574872.0)	(33.0, 735026.0)	(34.0, 923548.0)	(35.0, 1160434.0)	(36.0, 1477883.0)	(37.0, 1976920.0)	(38.0, 3008773.0)	(39.0, 7202493.0)	(40.0, 36007818.0)
NeuN_plus.B69_T1_HS	(13.0, 4.0)	(14.0, 5.0)	(15.0, 1.0)	(16.0, 3.0)	(17.0, 21.0)	(18.0, 40.0)	(19.0, 136.0)	(20.0, 467.0)	(21.0, 1733.0)	(22.0, 5386.0)	(23.0, 15926.0)	(24.0, 40385.0)	(25.0, 89951.0)	(26.0, 174628.0)	(27.0, 306124.0)	(28.0, 482515.0)	(29.0, 704561.0)	(30.0, 960976.0)	(31.0, 1245847.0)	(32.0, 1566156.0)	(33.0, 1931354.0)	(34.0, 2395964.0)	(35.0, 3090957.0)	(36.0, 4707000.0)	(37.0, 10061320.0)	(38.0, 13309134.0)	(39.0, 10621708.0)	(40.0, 20105290.0)	
NeuN_plus.B70_T1_HS	(16.0, 6.0)	(17.0, 11.0)	(18.0, 39.0)	(19.0, 106.0)	(20.0, 353.0)	(21.0, 1199.0)	(22.0, 3550.0)	(23.0, 10206.0)	(24.0, 25635.0)	(25.0, 56129.0)	(26.0, 108743.0)	(27.0, 189764.0)	(28.0, 297893.0)	(29.0, 435095.0)	(30.0, 595588.0)	(31.0, 772764.0)	(32.0, 973234.0)	(33.0, 1200529.0)	(34.0, 1483683.0)	(35.0, 1903483.0)	(36.0, 2850068.0)	(37.0, 5900531.0)	(38.0, 7835901.0)	(39.0, 6299282.0)	(40.0, 11843564.0)				
NeuN_plus.B71_T1_HS	(12.0, 1.0)	(13.0, 0.0)	(14.0, 0.0)	(15.0, 1.0)	(16.0, 2.0)	(17.0, 9.0)	(18.0, 24.0)	(19.0, 58.0)	(20.0, 170.0)	(21.0, 474.0)	(22.0, 1194.0)	(23.0, 3152.0)	(24.0, 7870.0)	(25.0, 18238.0)	(26.0, 37217.0)	(27.0, 69877.0)	(28.0, 115543.0)	(29.0, 178307.0)	(30.0, 255089.0)	(31.0, 345079.0)	(32.0, 445230.0)	(33.0, 557972.0)	(34.0, 687711.0)	(35.0, 840774.0)	(36.0, 1046506.0)	(37.0, 1369609.0)	(38.0, 2048370.0)	(39.0, 4842345.0)	(40.0, 30636107.0)
NeuN_plus.B72_T1_HS	(12.0, 1.0)	(13.0, 3.0)	(14.0, 1.0)	(15.0, 3.0)	(16.0, 4.0)	(17.0, 27.0)	(18.0, 79.0)	(19.0, 241.0)	(20.0, 537.0)	(21.0, 1219.0)	(22.0, 2698.0)	(23.0, 6211.0)	(24.0, 14172.0)	(25.0, 29260.0)	(26.0, 58729.0)	(27.0, 105627.0)	(28.0, 173047.0)	(29.0, 267185.0)	(30.0, 381323.0)	(31.0, 520478.0)	(32.0, 681307.0)	(33.0, 863299.0)	(34.0, 1079463.0)	(35.0, 1343418.0)	(36.0, 1699489.0)	(37.0, 2253970.0)	(38.0, 3367780.0)	(39.0, 7743000.0)	(40.0, 44340735.0)
NeuN_plus.B73_T1_HS	(12.0, 1.0)	(13.0, 0.0)	(14.0, 2.0)	(15.0, 1.0)	(16.0, 4.0)	(17.0, 21.0)	(18.0, 64.0)	(19.0, 203.0)	(20.0, 501.0)	(21.0, 1194.0)	(22.0, 2586.0)	(23.0, 5828.0)	(24.0, 13146.0)	(25.0, 27120.0)	(26.0, 53777.0)	(27.0, 96865.0)	(28.0, 159525.0)	(29.0, 245614.0)	(30.0, 352597.0)	(31.0, 483336.0)	(32.0, 633546.0)	(33.0, 810185.0)	(34.0, 1013542.0)	(35.0, 1267859.0)	(36.0, 1610253.0)	(37.0, 2131257.0)	(38.0, 3172037.0)	(39.0, 7179146.0)	(40.0, 41036629.0)
NeuN_plus.B74_T1_HS	(12.0, 2.0)	(13.0, 4.0)	(14.0, 2.0)	(15.0, 14.0)	(16.0, 9.0)	(17.0, 37.0)	(18.0, 119.0)	(19.0, 305.0)	(20.0, 692.0)	(21.0, 1618.0)	(22.0, 3590.0)	(23.0, 7893.0)	(24.0, 17147.0)	(25.0, 34820.0)	(26.0, 65784.0)	(27.0, 116905.0)	(28.0, 188542.0)	(29.0, 286505.0)	(30.0, 408347.0)	(31.0, 555903.0)	(32.0, 728301.0)	(33.0, 926522.0)	(34.0, 1165279.0)	(35.0, 1463060.0)	(36.0, 1867770.0)	(37.0, 2502886.0)	(38.0, 3838191.0)	(39.0, 9252481.0)	(40.0, 36058418.0)
