Sample	0	1	2	3	4	5	6	7	8	9	10	11	12	13	14	15
NeuN_minus.B21_T2_HS	(1.0, 57.179921452857876)	(2.0, 12.852808573632215)	(3.0, 4.350599782881663)	(4.0, 2.134010821068187)	(5.0, 1.119400056554289)	(6.0, 0.7606679349776171)	(7.0, 0.5285584658498317)	(8.0, 0.417089708563817)	(9.0, 0.2844235357661081)	('>10', 2.3270004753808564)	('>50', 0.9555651952534683)	('>100', 4.745338845413127)	('>500', 3.7338140688817747)	('>1k', 7.901079070174777)	('>5k', 0.6671954090341725)	('>10k+', 0.04252660371068286)
NeuN_minus.B22_T2_HS	(1.0, 67.32928990710175)	(2.0, 10.980216251325919)	(3.0, 2.570925228207001)	(4.0, 1.0604145071715338)	(5.0, 0.5095160032499094)	(6.0, 0.36704406651891597)	(7.0, 0.2567826051156743)	(8.0, 0.19002986989185205)	(9.0, 0.14922673952404722)	('>10', 1.8624611162621596)	('>50', 0.9736582771425427)	('>100', 4.6207738985806674)	('>500', 3.3318350787119644)	('>1k', 5.674578021044873)	('>5k', 0.12324843015111106)	('>10k+', 0.0)
NeuN_minus.B25_T3_HS	(1.0, 48.674753429859244)	(2.0, 14.275415224433544)	(3.0, 6.171373542404793)	(4.0, 3.270044209844017)	(5.0, 2.042834902395068)	(6.0, 1.4096874876274825)	(7.0, 1.0706698722666685)	(8.0, 0.7517259132654664)	(9.0, 0.5882482905178451)	('>10', 3.662048837283681)	('>50', 0.7098406022388195)	('>100', 3.8113431079530864)	('>500', 3.2432490533312652)	('>1k', 9.042542698626127)	('>5k', 1.2364521606635843)	('>10k+', 0.039770667289339076)
NeuN_minus.B26_T3_HS	(1.0, 59.726083113286734)	(2.0, 11.08790949033577)	(3.0, 3.698748327419187)	(4.0, 1.9855325525399494)	(5.0, 1.2483210287650008)	(6.0, 0.8481535109886947)	(7.0, 0.6471669795020761)	(8.0, 0.5087980279752716)	(9.0, 0.41004271425403355)	('>10', 3.030471011973223)	('>50', 1.1025138307192979)	('>100', 5.452058066718527)	('>500', 3.738523901585168)	('>1k', 6.210784211024731)	('>5k', 0.25598051036413094)	('>10k+', 0.048912722548191505)
NeuN_minus.B27_T1_HS	(1.0, 39.094632746057364)	(2.0, 20.617962363006846)	(3.0, 10.029428721762386)	(4.0, 5.5428520438217)	(5.0, 3.563090393656687)	(6.0, 2.5691246391455733)	(7.0, 1.9080584315291294)	(8.0, 1.4933276051207833)	(9.0, 1.1683190342024417)	('>10', 7.279462978372599)	('>50', 0.8053029726452403)	('>100', 2.79207557048371)	('>500', 1.6902972099025952)	('>1k', 1.4460652902930267)	('>5k', 0.0)	('>10k+', 0.0)
NeuN_minus.B28_T3_HS	(1.0, 35.65341062039562)	(2.0, 22.65782799255319)	(3.0, 12.630479931779695)	(4.0, 7.599293169723742)	(5.0, 5.111283539968909)	(6.0, 3.4388618938556417)	(7.0, 2.5357059166455667)	(8.0, 1.7947405503832687)	(9.0, 1.3517765703779832)	('>10', 5.143591489614631)	('>50', 0.5093126187434943)	('>100', 1.3894973164832614)	('>500', 0.16349833816508683)	('>1k', 0.020720051309900313)	('>5k', 0.0)	('>10k+', 0.0)
NeuN_minus.B30_T1_HS	(1.0, 62.41895734378715)	(2.0, 14.665418284603954)	(3.0, 4.296350985727676)	(4.0, 1.7020628833811031)	(5.0, 0.9814976729247733)	(6.0, 0.6752130435573594)	(7.0, 0.5121039819525405)	(8.0, 0.34107680574565163)	(9.0, 0.3080100213362101)	('>10', 2.4145326212799625)	('>50', 0.8729236675456841)	('>100', 3.5742986751893344)	('>500', 2.5531901892162514)	('>1k', 4.4831630992494595)	('>5k', 0.20120072450294052)	('>10k+', 0.0)
NeuN_minus.B31_T1_HS	(1.0, 60.8992820086277)	(2.0, 11.937988200247398)	(3.0, 3.535519208274752)	(4.0, 1.6265673156342026)	(5.0, 0.9184575446503424)	(6.0, 0.5958336877088419)	(7.0, 0.4240478786278863)	(8.0, 0.3018382013854169)	(9.0, 0.239403090061975)	('>10', 2.2201709427265004)	('>50', 0.9097467575444536)	('>100', 4.404942934663148)	('>500', 3.829130918913315)	('>1k', 7.733558345466685)	('>5k', 0.42351296546760336)	('>10k+', 0.0)
NeuN_minus.B32_T3_HS	(1.0, 75.22888535598106)	(2.0, 6.135213144219479)	(3.0, 2.2608648370863658)	(4.0, 1.2632930788772587)	(5.0, 0.7746739832792876)	(6.0, 0.641109491539534)	(7.0, 0.48901423993596166)	(8.0, 0.39142265404593957)	(9.0, 0.3282869333428642)	('>10', 2.7957499276691813)	('>50', 0.7064159210232651)	('>100', 3.251261728082451)	('>500', 2.2596112849410126)	('>1k', 3.3813077778970246)	('>5k', 0.09288964207953736)	('>10k+', 0.0)
NeuN_minus.B33_T1_HS	(1.0, 54.1911560242035)	(2.0, 17.88629613017925)	(3.0, 6.148021038215455)	(4.0, 2.7427486216193264)	(5.0, 1.4593740303614506)	(6.0, 0.8503384427815998)	(7.0, 0.5756229751152715)	(8.0, 0.37539921306466134)	(9.0, 0.2799710220247125)	('>10', 1.892068950815044)	('>50', 0.8251951776560844)	('>100', 4.032749127504431)	('>500', 3.1508826262204823)	('>1k', 5.382072460536981)	('>5k', 0.20810415970176177)	('>10k+', 0.0)
NeuN_minus.B34_T4_HS	(1.0, 47.1110221925782)	(2.0, 12.332004278844318)	(3.0, 3.9930429181698748)	(4.0, 1.8073362347112991)	(5.0, 1.0191932388397225)	(6.0, 0.6437176552679348)	(7.0, 0.44566469187565644)	(8.0, 0.31191991915434675)	(9.0, 0.23558537665628246)	('>10', 1.6816080741345445)	('>50', 0.6065112898938231)	('>100', 3.6041476374630657)	('>500', 4.013519785142814)	('>1k', 16.149553844171116)	('>5k', 4.690663033211718)	('>10k+', 1.3545098298852947)
NeuN_minus.B35_T3_HS	(1.0, 56.052206198524026)	(2.0, 10.94770041929189)	(3.0, 3.2797261332463674)	(4.0, 1.4617961476158954)	(5.0, 0.8432377438634429)	(6.0, 0.6369034915849203)	(7.0, 0.39131043387158704)	(8.0, 0.33374622478497235)	(9.0, 0.2734776528577335)	('>10', 2.3672415760572036)	('>50', 1.0008292956935525)	('>100', 4.150305219348551)	('>500', 3.7804001965277196)	('>1k', 11.510428930511447)	('>5k', 2.497597411062696)	('>10k+', 0.4730929251581107)
NeuN_minus.B36_T3_HS	(1.0, 51.815466613143016)	(2.0, 17.11519916717246)	(3.0, 7.090057028682492)	(4.0, 3.9607694325705696)	(5.0, 2.4073435862993793)	(6.0, 1.7943426843857708)	(7.0, 1.2995062610478503)	(8.0, 1.000389487487038)	(9.0, 0.7829790091808907)	('>10', 5.170699761222462)	('>50', 0.7432093753357293)	('>100', 3.143646471104965)	('>500', 1.7769456390374756)	('>1k', 1.8770396732824195)	('>5k', 0.022405810047476386)	('>10k+', 0.0)
NeuN_minus.B37_T1_HS	(1.0, 53.7471455542795)	(2.0, 18.655433898213925)	(3.0, 6.330068195650114)	(4.0, 2.6400966554801752)	(5.0, 1.5276214788453253)	(6.0, 0.7999159492389478)	(7.0, 0.5156817535312499)	(8.0, 0.35233763641064725)	(9.0, 0.26030503102850644)	('>10', 1.9535374439530635)	('>50', 0.859079555944982)	('>100', 4.243868033397677)	('>500', 3.1877101408922637)	('>1k', 4.858344165237526)	('>5k', 0.06885450789625899)	('>10k+', 0.0)
NeuN_minus.B38_T1_HS	(1.0, 33.39227019689372)	(2.0, 22.484147715672663)	(3.0, 12.819869486150415)	(4.0, 7.433233062335229)	(5.0, 4.864103739189578)	(6.0, 3.4463394987506772)	(7.0, 2.560105208789231)	(8.0, 2.052894656819713)	(9.0, 1.5109067023126552)	('>10', 6.8610366430896015)	('>50', 0.5148265779390806)	('>100', 1.5453035613493384)	('>500', 0.40664918139045697)	('>1k', 0.10831376931780617)	('>5k', 0.0)	('>10k+', 0.0)
NeuN_minus.B39_T1_HS	(1.0, 56.28440257006629)	(2.0, 19.43506533623416)	(3.0, 6.457025187803218)	(4.0, 2.6299319994169004)	(5.0, 1.321487564556706)	(6.0, 0.725247751649389)	(7.0, 0.5115183772594816)	(8.0, 0.34839203629966176)	(9.0, 0.22926962242917828)	('>10', 1.6941356732008022)	('>50', 0.8058596980158369)	('>100', 3.6945072677187727)	('>500', 2.6081198818258233)	('>1k', 3.2366685274106355)	('>5k', 0.01836850611310682)	('>10k+', 0.0)
NeuN_minus.B40_T2_HS	(1.0, 62.054706301547135)	(2.0, 14.619104980104838)	(3.0, 4.937260272246416)	(4.0, 2.354855201694549)	(5.0, 1.3002281196840213)	(6.0, 0.8051916289163269)	(7.0, 0.539822425084906)	(8.0, 0.3932014589942321)	(9.0, 0.2973222349386598)	('>10', 2.0695288493338877)	('>50', 0.8396812964469912)	('>100', 3.6571849084986265)	('>500', 2.498564235772834)	('>1k', 3.583714086421291)	('>5k', 0.049634000315551055)	('>10k+', 0.0)
NeuN_minus.B41_T1_HS	(1.0, 60.824272387975455)	(2.0, 17.30451473749458)	(3.0, 4.980801260653857)	(4.0, 1.937148962770077)	(5.0, 0.9684717706028594)	(6.0, 0.5656039136345092)	(7.0, 0.3558654909065367)	(8.0, 0.2528982889961216)	(9.0, 0.2183423674767162)	('>10', 2.176162270600351)	('>50', 1.0873264260904207)	('>100', 3.9323780502293118)	('>500', 2.245888712185718)	('>1k', 3.110162224019768)	('>5k', 0.04016313636363559)	('>10k+', 0.0)
NeuN_minus.B42_T3_HS	(1.0, 69.11108542265445)	(2.0, 12.22875190780967)	(3.0, 3.2411827732620138)	(4.0, 1.3854166600751803)	(5.0, 0.9072568878696989)	(6.0, 0.5885205982955803)	(7.0, 0.4480848329439965)	(8.0, 0.3190827537567294)	(9.0, 0.25996256459276124)	('>10', 2.3881899407031013)	('>50', 1.0289527051454026)	('>100', 3.702132796804151)	('>500', 2.0559462900979937)	('>1k', 2.2306236283209815)	('>5k', 0.06830871642678815)	('>10k+', 0.03650152124159079)
NeuN_minus.B43_T2_HS	(1.0, 79.24180233842488)	(2.0, 7.310904792924908)	(3.0, 1.4936131428210995)	(4.0, 0.5902514067330765)	(5.0, 0.35441820768136983)	(6.0, 0.271035071662371)	(7.0, 0.17962398466928714)	(8.0, 0.14662341237598708)	(9.0, 0.12136656543770252)	('>10', 2.0846087008059193)	('>50', 1.0879483074622502)	('>100', 4.139034491765183)	('>500', 1.8443099877444982)	('>1k', 1.134459589491459)	('>5k', 0.0)	('>10k+', 0.0)
NeuN_minus.B44_T1_HS	(1.0, 76.66257153171114)	(2.0, 9.545861411479004)	(3.0, 1.788759894963693)	(4.0, 0.6040756406627943)	(5.0, 0.32624645312157036)	(6.0, 0.2456985581223143)	(7.0, 0.17765373264749387)	(8.0, 0.14267782912650123)	(9.0, 0.12327490510408859)	('>10', 2.023674150792625)	('>50', 1.1234381614470628)	('>100', 4.027407466622935)	('>500', 1.9162313602564505)	('>1k', 1.2376590891113248)	('>5k', 0.054769814830783206)	('>10k+', 0.0)
NeuN_minus.B45_T2_HS	(1.0, 53.384373117323435)	(2.0, 12.896068278182598)	(3.0, 4.668999363104347)	(4.0, 2.3357026628387976)	(5.0, 1.4123708764248308)	(6.0, 0.9144075726318704)	(7.0, 0.6818702605922681)	(8.0, 0.4925498199706159)	(9.0, 0.32693602202585237)	('>10', 2.7161156124179198)	('>50', 0.8846805502430508)	('>100', 4.850327767914735)	('>500', 4.124463317382783)	('>1k', 9.266635905723717)	('>5k', 1.0239168473261373)	('>10k+', 0.020582025896944425)
NeuN_minus.B46_T2_HS	(1.0, 60.66053976431833)	(2.0, 13.097394166537635)	(3.0, 4.3485008889595065)	(4.0, 2.1321953655270582)	(5.0, 1.2762338435059382)	(6.0, 0.8442583332001161)	(7.0, 0.5728516933682924)	(8.0, 0.4362241339291573)	(9.0, 0.3378822068622567)	('>10', 2.5845740354420106)	('>50', 0.9453873330577832)	('>100', 4.491309082871631)	('>500', 3.1518873061378794)	('>1k', 4.975973973677178)	('>5k', 0.14478787260518006)	('>10k+', 0.0)
NeuN_minus.B47_T2_HS	(1.0, 44.74530708210268)	(2.0, 11.898870648149549)	(3.0, 4.480606770469668)	(4.0, 2.296611393464197)	(5.0, 1.4112515948741005)	(6.0, 0.9942693844047087)	(7.0, 0.6883040629034605)	(8.0, 0.564625810393384)	(9.0, 0.4769731185677849)	('>10', 3.7127205873850375)	('>50', 1.0545875507498181)	('>100', 5.524586255965026)	('>500', 4.721651161981527)	('>1k', 14.384729387369743)	('>5k', 2.5361038596930388)	('>10k+', 0.5088013315262566)
NeuN_minus.B48_T2_HS	(1.0, 65.01661331239549)	(2.0, 10.187629928432111)	(3.0, 2.3471429207977277)	(4.0, 0.9460288499005783)	(5.0, 0.5534968953889402)	(6.0, 0.3475540314780452)	(7.0, 0.2695948463531275)	(8.0, 0.19420491708586832)	(9.0, 0.17250552213348558)	('>10', 1.963105761670093)	('>50', 1.0219533049254694)	('>100', 4.953877400919074)	('>500', 3.7957327338726032)	('>1k', 7.570378402568556)	('>5k', 0.6601811720785371)	('>10k+', 0.0)
NeuN_minus.B50_T1_HS	(1.0, 55.67821218228249)	(2.0, 16.344816052903138)	(3.0, 5.583473233744856)	(4.0, 2.496040929165278)	(5.0, 1.3594501208112038)	(6.0, 0.8555942314552432)	(7.0, 0.5454146721096974)	(8.0, 0.4471314853775701)	(9.0, 0.3007847642797563)	('>10', 2.166832557058246)	('>50', 0.7618648254240242)	('>100', 3.2384872187260028)	('>500', 2.820949654273176)	('>1k', 6.64324004527141)	('>5k', 0.7171414218324103)	('>10k+', 0.04056660528570578)
NeuN_minus.B51_T1_HS	(1.0, 48.64425603335331)	(2.0, 15.742901207086819)	(3.0, 6.740095826425114)	(4.0, 3.5952450802007574)	(5.0, 2.2612079974396635)	(6.0, 1.503850636774651)	(7.0, 1.0781871420384028)	(8.0, 0.7718797625810601)	(9.0, 0.6001575710796132)	('>10', 3.5010259812668787)	('>50', 0.9303006813611809)	('>100', 4.486485436370876)	('>500', 3.3233402850245684)	('>1k', 6.384288429156509)	('>5k', 0.43677792984039115)	('>10k+', 0.0)
NeuN_minus.B52_T1_HS	(1.0, 61.865409242166216)	(2.0, 11.394939725014499)	(3.0, 3.2380160291923676)	(4.0, 1.2703439887222774)	(5.0, 0.7164388811593453)	(6.0, 0.47086898156590173)	(7.0, 0.3124086892654753)	(8.0, 0.2123890686982313)	(9.0, 0.17821640654800208)	('>10', 1.8822213362555809)	('>50', 0.9316775180527549)	('>100', 4.17021144437595)	('>500', 3.2869577108722807)	('>1k', 8.911514796743553)	('>5k', 1.0872150897358717)	('>10k+', 0.07117109163173765)
NeuN_minus.B53_T1_HS	(1.0, 59.411346060881144)	(2.0, 12.955079015457214)	(3.0, 4.0634525249395015)	(4.0, 1.8636846408683854)	(5.0, 1.1210754149876632)	(6.0, 0.7084142597064375)	(7.0, 0.50660948440852)	(8.0, 0.37136838971066677)	(9.0, 0.2780956155708349)	('>10', 2.091654655721638)	('>50', 0.8202232304864301)	('>100', 3.840838512431384)	('>500', 3.325299964562256)	('>1k', 7.825425624461286)	('>5k', 0.8174326058066405)	('>10k+', 0.0)
NeuN_minus.B54_T1_HS	(1.0, 64.15657571984073)	(2.0, 11.358533023331113)	(3.0, 2.9966556246748906)	(4.0, 1.375577366820254)	(5.0, 0.7314270243672177)	(6.0, 0.5032302583956528)	(7.0, 0.35403098681538364)	(8.0, 0.25632700081997567)	(9.0, 0.1806429894219453)	('>10', 2.033000197776675)	('>50', 1.0325557489793804)	('>100', 4.748228098379291)	('>500', 3.5739887004480995)	('>1k', 6.346211270701148)	('>5k', 0.3530159892284509)	('>10k+', 0.0)
NeuN_minus.B55_T1_HS	(1.0, 53.727203568917844)	(2.0, 12.802632828276392)	(3.0, 4.984414082766399)	(4.0, 2.7371260710341523)	(5.0, 1.8516645740215734)	(6.0, 1.3516046648382232)	(7.0, 0.988767011952549)	(8.0, 0.7598102227748383)	(9.0, 0.6398631990167911)	('>10', 4.801434297594447)	('>50', 1.085283032370176)	('>100', 4.969691052244876)	('>500', 3.381597722928917)	('>1k', 5.593241452618495)	('>5k', 0.27945611177155555)	('>10k+', 0.046210106872768726)
NeuN_minus.B56_T1_HS	(1.0, 52.31014661398555)	(2.0, 15.412014277877747)	(3.0, 5.8692521686075585)	(4.0, 3.0500872500919436)	(5.0, 1.9254262164428326)	(6.0, 1.328222777670172)	(7.0, 0.9723693853044273)	(8.0, 0.7597638430691567)	(9.0, 0.5844334785560212)	('>10', 4.309468185939036)	('>50', 0.839148668177868)	('>100', 3.712056832390721)	('>500', 2.812101162702927)	('>1k', 5.651790674701932)	('>5k', 0.4142574106201037)	('>10k+', 0.0494610538620009)
NeuN_minus.B57_T2_HS	(1.0, 72.19912522400152)	(2.0, 6.961927852993859)	(3.0, 2.7123167915376354)	(4.0, 1.5128964911069374)	(5.0, 0.9739640267560126)	(6.0, 0.7334514824737274)	(7.0, 0.5257192271562143)	(8.0, 0.4157180213890018)	(9.0, 0.35987452170740253)	('>10', 3.0443436211139865)	('>50', 0.7968599237402187)	('>100', 3.16665310171226)	('>500', 2.381206935837261)	('>1k', 4.089769151773721)	('>5k', 0.1261736267001428)	('>10k+', 0.0)
NeuN_minus.B58_T1_HS	(1.0, 44.43179627017949)	(2.0, 12.578902450291048)	(3.0, 5.5359633277563125)	(4.0, 3.1875053581595933)	(5.0, 2.0636069040951046)	(6.0, 1.5446866215165513)	(7.0, 1.1532643473380602)	(8.0, 0.9167792532292437)	(9.0, 0.7627168558352718)	('>10', 6.611178587213079)	('>50', 1.5829134090771586)	('>100', 6.6766021237532325)	('>500', 4.484047922794774)	('>1k', 7.960602965423062)	('>5k', 0.46198636559042694)	('>10k+', 0.04744723774766123)
NeuN_minus.B59_T1_HS	(1.0, 59.64683370368)	(2.0, 14.653740911081305)	(3.0, 4.906598254334245)	(4.0, 2.430578313087408)	(5.0, 1.5978167542594877)	(6.0, 1.1085066633099594)	(7.0, 0.8300787226855076)	(8.0, 0.6015145222889641)	(9.0, 0.5245471712614769)	('>10', 3.930362313386662)	('>50', 0.8849090058727811)	('>100', 3.443475648985651)	('>500', 2.222019257129434)	('>1k', 2.9013939521583554)	('>5k', 0.1135641929513812)	('>10k+', 0.20406061352713753)
NeuN_minus.B60_T1_HS	(1.0, 55.35736154347099)	(2.0, 15.337494681970096)	(3.0, 6.01058564171439)	(4.0, 3.3278447747064623)	(5.0, 2.187953729553055)	(6.0, 1.4636929819309017)	(7.0, 1.1049454226982323)	(8.0, 0.8460508574696485)	(9.0, 0.6215273750206549)	('>10', 4.121161013058619)	('>50', 0.7526021697490545)	('>100', 3.2912949877125666)	('>500', 2.2519668900568406)	('>1k', 3.2225829964980393)	('>5k', 0.10293493439045479)	('>10k+', 0.0)
NeuN_minus.B61_T1_HS	(1.0, 52.224619439029865)	(2.0, 16.422087518229223)	(3.0, 6.459657723965925)	(4.0, 3.548379405225783)	(5.0, 2.2154568099502145)	(6.0, 1.5553103588197295)	(7.0, 1.1420722974671913)	(8.0, 0.9069212277232959)	(9.0, 0.7277021423996893)	('>10', 4.463687731238071)	('>50', 0.9102690857089085)	('>100', 4.810361927228371)	('>500', 2.621794663615755)	('>1k', 1.9916796693981043)	('>5k', 0.0)	('>10k+', 0.0)
NeuN_minus.B62_T1_HS	(1.0, 51.348163151558644)	(2.0, 16.723808979119966)	(3.0, 6.028840989442355)	(4.0, 2.93122782692301)	(5.0, 1.8252834728193355)	(6.0, 1.253470133009469)	(7.0, 0.8719273465358746)	(8.0, 0.6681254733525435)	(9.0, 0.5219208157344963)	('>10', 3.595079373740781)	('>50', 0.879252053030787)	('>100', 3.9576364783006523)	('>500', 3.004280805834142)	('>1k', 5.962378154327605)	('>5k', 0.38983452584883466)	('>10k+', 0.038770420421285756)
NeuN_minus.B63_T1_HS	(1.0, 69.661386772743)	(2.0, 12.837022830335709)	(3.0, 3.27717308862819)	(4.0, 1.4671380889244452)	(5.0, 0.8204348980779304)	(6.0, 0.49827213612261345)	(7.0, 0.4033590031597222)	(8.0, 0.30530248263948023)	(9.0, 0.22264617626250757)	('>10', 2.244638835826328)	('>50', 0.9662572514151886)	('>100', 3.720091858796192)	('>500', 1.9576610718309795)	('>1k', 1.6186155052375613)	('>5k', 0.0)	('>10k+', 0.0)
NeuN_minus.B64_T2_HS	(1.0, 57.5407377865716)	(2.0, 13.871712737968084)	(3.0, 4.885578195677345)	(4.0, 2.4939756996245754)	(5.0, 1.5009587386415624)	(6.0, 1.0154335485134665)	(7.0, 0.6807952558305231)	(8.0, 0.497523137363099)	(9.0, 0.42381010367154903)	('>10', 3.0601395111099343)	('>50', 0.9629564755021549)	('>100', 4.534311292611391)	('>500', 3.078472796913505)	('>1k', 5.195060995340301)	('>5k', 0.2585337246611693)	('>10k+', 0.0)
NeuN_minus.B65_T1_HS	(1.0, 62.27916968288542)	(2.0, 12.267459723211973)	(3.0, 3.999727143616077)	(4.0, 2.0020676195777654)	(5.0, 1.1974803273695447)	(6.0, 0.8519767168757643)	(7.0, 0.5623198304520426)	(8.0, 0.45431793703199125)	(9.0, 0.34418638146724506)	('>10', 2.719355083055631)	('>50', 1.091068048593212)	('>100', 4.607690790259766)	('>500', 3.0065988296854624)	('>1k', 4.454077140688731)	('>5k', 0.1625047452296093)	('>10k+', 0.0)
NeuN_minus.B66_T2_HS	(1.0, 59.42722248337977)	(2.0, 15.005412283576474)	(3.0, 5.375196283416236)	(4.0, 2.61369865274089)	(5.0, 1.6547927015379869)	(6.0, 1.1824749790124216)	(7.0, 0.8893243273728565)	(8.0, 0.6373083407568465)	(9.0, 0.44689301940028314)	('>10', 3.213982069471792)	('>50', 0.9044271537670795)	('>100', 3.6651886193998764)	('>500', 2.182447361450617)	('>1k', 2.6999653146267364)	('>5k', 0.06499065058640208)	('>10k+', 0.03667575950373608)
NeuN_minus.B67_T1_HS	(1.0, 29.549698885886517)	(2.0, 11.734166372857906)	(3.0, 5.92509013422176)	(4.0, 3.6435619038444895)	(5.0, 2.684716686807963)	(6.0, 2.247975685105155)	(7.0, 1.8066325575558766)	(8.0, 1.5759376082281131)	(9.0, 1.4377841420824142)	('>10', 25.4630239424407)	('>50', 8.18222642498766)	('>100', 5.238415428231615)	('>500', 0.38791079767569886)	('>1k', 0.12285943007432976)	('>5k', 0.0)	('>10k+', 0.0)
NeuN_minus.B68_T2_HS	(1.0, 81.76175141554329)	(2.0, 7.94940723376195)	(3.0, 2.4567972232662596)	(4.0, 1.2250889795852675)	(5.0, 0.7550023361172307)	(6.0, 0.5303182380005721)	(7.0, 0.33502422166390583)	(8.0, 0.2573674460639833)	(9.0, 0.24468037504610463)	('>10', 1.7732439102839879)	('>50', 0.7375196061141083)	('>100', 1.577609151658662)	('>500', 0.2221777946422339)	('>1k', 0.14321183177412425)	('>5k', 0.030800236478456717)	('>10k+', 0.0)
NeuN_minus.B69_T1_HS	(1.0, 67.52120027348602)	(2.0, 8.391130009011604)	(3.0, 3.08161065978053)	(4.0, 1.7238689071353865)	(5.0, 1.2239294326533723)	(6.0, 0.9148324314249048)	(7.0, 0.6841947510266487)	(8.0, 0.523765152468394)	(9.0, 0.457319684245429)	('>10', 3.339859843560273)	('>50', 0.650801959393524)	('>100', 2.995495863015414)	('>500', 2.4983168447266406)	('>1k', 5.502857594651616)	('>5k', 0.39813606819440117)	('>10k+', 0.09268052522596361)
NeuN_minus.B70_T1_HS	(1.0, 65.46691446267656)	(2.0, 11.38966336634632)	(3.0, 4.990904252346063)	(4.0, 2.8939505258333704)	(5.0, 2.03551059170682)	(6.0, 1.4714393913667392)	(7.0, 1.1097847779440926)	(8.0, 0.8662533529948311)	(9.0, 0.7191826336554746)	('>10', 6.013885690968728)	('>50', 0.774832351677235)	('>100', 1.6223810020170137)	('>500', 0.4642926232447617)	('>1k', 0.1810049772221106)	('>5k', 0.0)	('>10k+', 0.0)
NeuN_minus.B71_T1_HS	(1.0, 56.44719215597307)	(2.0, 12.871147301834062)	(3.0, 4.953773089499532)	(4.0, 2.696103933745817)	(5.0, 1.672511317801255)	(6.0, 1.1751615048923338)	(7.0, 0.8555996691285758)	(8.0, 0.6698802383038678)	(9.0, 0.5454073639354842)	('>10', 4.164546198919539)	('>50', 1.291833581744147)	('>100', 5.650851176769079)	('>500', 3.19645366820607)	('>1k', 3.723558287108159)	('>5k', 0.03408362879251225)	('>10k+', 0.051896883346623575)
NeuN_minus.B72_T1_HS	(1.0, 51.71421654880459)	(2.0, 17.991917454216804)	(3.0, 7.09695170232891)	(4.0, 3.7360518924481676)	(5.0, 2.4590245112241633)	(6.0, 1.7238169325750068)	(7.0, 1.2773658002165966)	(8.0, 1.0385200236496936)	(9.0, 0.8367843106026421)	('>10', 6.632891811491614)	('>50', 0.9127479635268995)	('>100', 2.7616154429369177)	('>500', 1.109973416710263)	('>1k', 0.6414332927365247)	('>5k', 0.06668889653114038)	('>10k+', 0.0)
NeuN_minus.B73_T1_HS	(1.0, 59.28982320228323)	(2.0, 10.942319477053216)	(3.0, 3.0406326969145105)	(4.0, 1.3460385636853212)	(5.0, 0.7529243699660462)	(6.0, 0.5328320716498575)	(7.0, 0.38774193910272614)	(8.0, 0.2853891479054589)	(9.0, 0.20656436217051008)	('>10', 1.8787029140967373)	('>50', 0.7972253652799207)	('>100', 4.1060313856250135)	('>500', 3.7643396599794126)	('>1k', 10.547934044056335)	('>5k', 1.8150146747748102)	('>10k+', 0.3064861254571958)
NeuN_minus.B74_T1_HS	(1.0, 43.9590606338064)	(2.0, 15.591032976523017)	(3.0, 7.028164295892521)	(4.0, 4.0349067446242035)	(5.0, 2.7683444645813524)	(6.0, 1.9400257580490683)	(7.0, 1.5463744938070196)	(8.0, 1.204218787481878)	(9.0, 1.0020264433604769)	('>10', 8.009494857815891)	('>50', 1.0905130619381391)	('>100', 4.270542358302425)	('>500', 2.8488608257859678)	('>1k', 4.548402175228867)	('>5k', 0.15803212280270953)	('>10k+', 0.0)
NeuN_plus.B21_T2_HS	(1.0, 44.42058620404622)	(2.0, 16.551770018805268)	(3.0, 8.083688789497943)	(4.0, 4.758074644372712)	(5.0, 3.1770205870990726)	(6.0, 2.301113748943507)	(7.0, 1.7033303784083373)	(8.0, 1.1991125979650832)	(9.0, 0.9579518640941042)	('>10', 4.6577298187418)	('>50', 0.633479434077039)	('>100', 2.9353341192091147)	('>500', 2.481630232961864)	('>1k', 5.537578165078693)	('>5k', 0.6015993966989788)	('>10k+', 0.0)
NeuN_plus.B22_T2_HS	(1.0, 63.301074248634826)	(2.0, 11.07758728321982)	(3.0, 2.282298310776004)	(4.0, 0.6920835105559572)	(5.0, 0.36356676226466406)	(6.0, 0.23969182394769734)	(7.0, 0.16054831179902768)	(8.0, 0.11832841208795723)	(9.0, 0.09723590263735397)	('>10', 1.373188023565936)	('>50', 0.7009472934823006)	('>100', 3.837568095160494)	('>500', 3.657593054021982)	('>1k', 10.379783745019559)	('>5k', 1.5802092619457804)	('>10k+', 0.13829596088070759)
NeuN_plus.B25_T3_HS	(1.0, 34.62321780143063)	(2.0, 15.70887192208633)	(3.0, 9.077003418802276)	(4.0, 6.010061111962988)	(5.0, 4.146339800483699)	(6.0, 3.247697901932556)	(7.0, 2.4862227558522987)	(8.0, 2.0288021466765183)	(9.0, 1.7638726636168205)	('>10', 13.064344274835307)	('>50', 1.1822862793503928)	('>100', 2.0700725861596663)	('>500', 1.5740793973855371)	('>1k', 2.9142961960679505)	('>5k', 0.10283174335751666)	('>10k+', 0.0)
NeuN_plus.B27_T1_HS	(1.0, 50.54713054764506)	(2.0, 19.01894728499448)	(3.0, 7.563566516465717)	(4.0, 3.8757890202306537)	(5.0, 2.4231782576950875)	(6.0, 1.625499035598175)	(7.0, 1.2130080784993613)	(8.0, 0.9297600285576388)	(9.0, 0.6812522816474926)	('>10', 4.421440079488638)	('>50', 0.6505002300356068)	('>100', 2.9790804075506028)	('>500', 1.859437928342785)	('>1k', 2.195645015032797)	('>5k', 0.0157652882159413)	('>10k+', 0.0)
NeuN_plus.B28_T3_HS	(1.0, 58.27304049190944)	(2.0, 15.32298939286517)	(3.0, 4.568849189828763)	(4.0, 1.9028506114815114)	(5.0, 0.9003587594199555)	(6.0, 0.5091949774557499)	(7.0, 0.3106250455883549)	(8.0, 0.22093231446060352)	(9.0, 0.15398991956349367)	('>10', 1.6893438966605112)	('>50', 1.1036447826911309)	('>100', 5.793604645261418)	('>500', 3.983125714802184)	('>1k', 5.215342357803069)	('>5k', 0.05210790020863649)	('>10k+', 0.0)
NeuN_plus.B30_T1_HS	(1.0, 60.778518459678864)	(2.0, 13.706367343469813)	(3.0, 4.06202724140256)	(4.0, 1.7237323234896202)	(5.0, 0.9703862873764452)	(6.0, 0.6512649605087154)	(7.0, 0.46115185089295324)	(8.0, 0.36984259394534)	(9.0, 0.31453791537697695)	('>10', 2.3091901018864864)	('>50', 0.6848352895931015)	('>100', 3.4635415152330506)	('>500', 3.1154394940114982)	('>1k', 6.86043358220937)	('>5k', 0.5287310409250601)	('>10k+', 0.0)
NeuN_plus.B31_T1_HS	(1.0, 61.48908294720695)	(2.0, 14.97664046644772)	(3.0, 4.729324564822809)	(4.0, 2.260933789589182)	(5.0, 1.3052415038679446)	(6.0, 0.9827326726601575)	(7.0, 0.6769242732745496)	(8.0, 0.5293435875947706)	(9.0, 0.4152022016793604)	('>10', 2.8245858164209983)	('>50', 0.6198951593160716)	('>100', 3.2399671529249803)	('>500', 2.446990135437267)	('>1k', 3.491810928642826)	('>5k', 0.01132480011417881)	('>10k+', 0.0)
NeuN_plus.B32_T3_HS	(1.0, 83.35885230503172)	(2.0, 5.8490411990269475)	(3.0, 1.8930773713000866)	(4.0, 0.9874160443460187)	(5.0, 0.6425520223119726)	(6.0, 0.4173134236762013)	(7.0, 0.2933185714886008)	(8.0, 0.24123143414664558)	(9.0, 0.19695088896518465)	('>10', 1.5292681457857003)	('>50', 0.425475315874189)	('>100', 1.9550282911531793)	('>500', 1.1045077837774213)	('>1k', 1.1059672031160526)	('>5k', 0.0)	('>10k+', 0.0)
NeuN_plus.B33_T1_HS	(1.0, 68.37889556762482)	(2.0, 13.157725193927103)	(3.0, 2.9203558348002208)	(4.0, 0.9383385489658747)	(5.0, 0.4455954129469338)	(6.0, 0.2816287888851956)	(7.0, 0.17596878435103572)	(8.0, 0.1439554194000945)	(9.0, 0.1213545259052594)	('>10', 1.2434372979271386)	('>50', 0.7178555339080923)	('>100', 3.799423853405693)	('>500', 2.853433568017241)	('>1k', 4.685564079080196)	('>5k', 0.13646759085488674)	('>10k+', 0.0)
NeuN_plus.B34_T4_HS	(1.0, 56.747520369870294)	(2.0, 9.736196658370808)	(3.0, 2.4842678331723302)	(4.0, 1.031989433149192)	(5.0, 0.5467505730541525)	(6.0, 0.3581308849701722)	(7.0, 0.2515580966961687)	(8.0, 0.16844764014801886)	(9.0, 0.14162950592489637)	('>10', 1.245371655551855)	('>50', 0.6315998907086916)	('>100', 3.7970339823717154)	('>500', 4.011094014698754)	('>1k', 14.52863088853706)	('>5k', 3.4784663485554623)	('>10k+', 0.8413122242201266)
NeuN_plus.B35_T3_HS	(1.0, 60.135941437763364)	(2.0, 12.674136376384123)	(3.0, 3.825620248548942)	(4.0, 1.7507160753525806)	(5.0, 0.9898252976873285)	(6.0, 0.6452682282915998)	(7.0, 0.45846627387919325)	(8.0, 0.3238403940321932)	(9.0, 0.2234105302910827)	('>10', 1.7139397902485438)	('>50', 0.6647447612441575)	('>100', 4.226080237684151)	('>500', 3.605071617084464)	('>1k', 7.898507058688935)	('>5k', 0.8414220773537758)	('>10k+', 0.023009595465610433)
NeuN_plus.B36_T3_HS	(1.0, 59.69116981436399)	(2.0, 15.34509504444693)	(3.0, 5.907453577474028)	(4.0, 2.9604824880503613)	(5.0, 1.909242669882089)	(6.0, 1.2470788439287976)	(7.0, 0.8001798237650493)	(8.0, 0.5693927823696138)	(9.0, 0.43610017094983966)	('>10', 2.538504536333275)	('>50', 0.7946392947050454)	('>100', 3.6906165137973055)	('>500', 2.1844831872217827)	('>1k', 1.925561252711641)	('>5k', 0.0)	('>10k+', 0.0)
NeuN_plus.B37_T1_HS	(1.0, 31.828807138471753)	(2.0, 22.623210980856662)	(3.0, 13.259020983236116)	(4.0, 7.936205585742218)	(5.0, 5.051562980762852)	(6.0, 3.6322401691400863)	(7.0, 2.5987046046267253)	(8.0, 1.9629016865543545)	(9.0, 1.477188937040279)	('>10', 5.86866157047541)	('>50', 0.4911508535665448)	('>100', 2.046409670296782)	('>500', 0.8549434985830551)	('>1k', 0.36899134064719197)	('>5k', 0.0)	('>10k+', 0.0)
NeuN_plus.B38_T1_HS	(1.0, 33.6072745956824)	(2.0, 23.257304790475033)	(3.0, 13.279612000927063)	(4.0, 7.399835525714943)	(5.0, 4.670046837504569)	(6.0, 3.248397472710147)	(7.0, 2.2282689976688785)	(8.0, 1.693010569547298)	(9.0, 1.1974728104338428)	('>10', 4.847051024389777)	('>50', 0.6068166015717444)	('>100', 2.366550250249438)	('>500', 1.0715927484067231)	('>1k', 0.5267657747181813)	('>5k', 0.0)	('>10k+', 0.0)
NeuN_plus.B39_T1_HS	(1.0, 67.79921078023212)	(2.0, 13.138548097566947)	(3.0, 2.618867988518027)	(4.0, 0.7686916739085278)	(5.0, 0.29547476343905527)	(6.0, 0.2227876226034443)	(7.0, 0.12838529463587908)	(8.0, 0.11070243075585143)	(9.0, 0.07889231360614612)	('>10', 1.1996985115515286)	('>50', 0.7497279969483237)	('>100', 4.181065231207966)	('>500', 3.2262070838866648)	('>1k', 5.3210590057070455)	('>5k', 0.1606812054323673)	('>10k+', 0.0)
NeuN_plus.B40_T2_HS	(1.0, 65.38049091466632)	(2.0, 14.953351036965667)	(3.0, 3.972513943807341)	(4.0, 1.4040766408787135)	(5.0, 0.7268748234754215)	(6.0, 0.42450095970948765)	(7.0, 0.24257861942291098)	(8.0, 0.18228150163293863)	(9.0, 0.16703027338577753)	('>10', 1.5852947662771357)	('>50', 0.7631171718931454)	('>100', 2.823306430210716)	('>500', 2.223784336280264)	('>1k', 4.662973466342734)	('>5k', 0.4762483339727919)	('>10k+', 0.01157678107857522)
NeuN_plus.B41_T1_HS	(1.0, 58.29734707792004)	(2.0, 11.331883345819065)	(3.0, 2.3348251770042343)	(4.0, 0.7675144789686341)	(5.0, 0.3727180353175756)	(6.0, 0.22979750518042574)	(7.0, 0.16806966747680172)	(8.0, 0.1385031759681568)	(9.0, 0.10632367105526577)	('>10', 1.674346765984059)	('>50', 0.840408898397842)	('>100', 3.971335934286694)	('>500', 4.033432257770507)	('>1k', 12.592809079557027)	('>5k', 2.6156564816079824)	('>10k+', 0.5250284476859649)
NeuN_plus.B45_T2_HS	(1.0, 49.95758206661819)	(2.0, 10.076734227372656)	(3.0, 3.068500423093378)	(4.0, 1.298860865136578)	(5.0, 0.7274837451280016)	(6.0, 0.47574122519125717)	(7.0, 0.3113255730545225)	(8.0, 0.22832719652278824)	(9.0, 0.17555271075272727)	('>10', 1.6300854849063597)	('>50', 0.7603734309460463)	('>100', 4.268281378903876)	('>500', 4.531552392691716)	('>1k', 16.749069996710155)	('>5k', 4.455078980630758)	('>10k+', 1.2854503023406243)
NeuN_plus.B46_T2_HS	(1.0, 64.37000821321125)	(2.0, 13.578363076319667)	(3.0, 3.9877254529706363)	(4.0, 1.7771446357966796)	(5.0, 1.0396779644951326)	(6.0, 0.6716747682398547)	(7.0, 0.48051805789290053)	(8.0, 0.34506355821113993)	(9.0, 0.26928492218631683)	('>10', 1.791666161632456)	('>50', 0.6425704057604814)	('>100', 3.7570236339453604)	('>500', 2.7424762990635956)	('>1k', 4.376574641075754)	('>5k', 0.17022820919889767)	('>10k+', 0.0)
NeuN_plus.B47_T2_HS	(1.0, 57.238123297618614)	(2.0, 16.402474944212226)	(3.0, 5.489808775700912)	(4.0, 2.3317100348662776)	(5.0, 1.304869294152475)	(6.0, 0.720897591278331)	(7.0, 0.49156126829884755)	(8.0, 0.3755091594558237)	(9.0, 0.2443365450438845)	('>10', 1.6175665408426985)	('>50', 0.5265402009119226)	('>100', 2.9890738011179705)	('>500', 2.759230418811788)	('>1k', 6.758272225888322)	('>5k', 0.7323830154000243)	('>10k+', 0.01764288640017055)
NeuN_plus.B50_T1_HS	(1.0, 53.82305333346199)	(2.0, 18.06513348939527)	(3.0, 6.663954411343767)	(4.0, 2.958569413498222)	(5.0, 1.7032515400965595)	(6.0, 1.0701394033633973)	(7.0, 0.7521022024367705)	(8.0, 0.5314334771102093)	(9.0, 0.3750724240727432)	('>10', 1.9485774427364086)	('>50', 0.4961927192925511)	('>100', 2.589528867248842)	('>500', 2.4614054918733523)	('>1k', 5.871329732643553)	('>5k', 0.6529695325107322)	('>10k+', 0.0372865189158077)
NeuN_plus.B51_T1_HS	(1.0, 42.45964732854188)	(2.0, 16.722665228651305)	(3.0, 8.603192147067187)	(4.0, 5.167704219250198)	(5.0, 3.6653869844410476)	(6.0, 2.6010113424561654)	(7.0, 1.9851512888434568)	(8.0, 1.6075727798826354)	(9.0, 1.2053302704874547)	('>10', 6.697134536846601)	('>50', 0.4915901542805248)	('>100', 2.679066288465217)	('>500', 2.1083795730094548)	('>1k', 3.853484806432511)	('>5k', 0.15268305134439797)	('>10k+', 0.0)
NeuN_plus.B52_T1_HS	(1.0, 59.76422898200981)	(2.0, 9.041265741207795)	(3.0, 1.9472308354411474)	(4.0, 0.7514385069556585)	(5.0, 0.37476742827721843)	(6.0, 0.2536445156014414)	(7.0, 0.17977100204760757)	(8.0, 0.139931449138313)	(9.0, 0.13087170945175855)	('>10', 1.4327418696894112)	('>50', 0.6338041325759023)	('>100', 2.922051392812582)	('>500', 3.0030608429693966)	('>1k', 13.144936545977611)	('>5k', 4.508434119110297)	('>10k+', 1.7718209267338845)
NeuN_plus.B53_T1_HS	(1.0, 66.38100590207591)	(2.0, 11.632585035072683)	(3.0, 2.8330590340253448)	(4.0, 1.1729609712664981)	(5.0, 0.5721804049961959)	(6.0, 0.37837987519390054)	(7.0, 0.26666099674402105)	(8.0, 0.19460253473123174)	(9.0, 0.16230404111876495)	('>10', 1.3677378919850351)	('>50', 0.6770610546872583)	('>100', 3.3172518740273516)	('>500', 2.9888605925453766)	('>1k', 7.208827175011007)	('>5k', 0.8465226165193858)	('>10k+', 0.0)
NeuN_plus.B54_T1_HS	(1.0, 58.25929012448155)	(2.0, 11.828201802297391)	(3.0, 3.222337370474049)	(4.0, 1.4616889956318628)	(5.0, 0.7740124697160037)	(6.0, 0.4979919543044453)	(7.0, 0.328753711749535)	(8.0, 0.27536142205710873)	(9.0, 0.252697095936919)	('>10', 1.9001176109879017)	('>50', 0.7117269505728148)	('>100', 3.3764982181647514)	('>500', 3.508205281470385)	('>1k', 11.147047783389421)	('>5k', 2.105028928977791)	('>10k+', 0.3510402797880682)
NeuN_plus.B55_T1_HS	(1.0, 66.84738176706429)	(2.0, 13.772728487833422)	(3.0, 4.055397212812152)	(4.0, 1.858934956299855)	(5.0, 0.9918858093461168)	(6.0, 0.6403535536521979)	(7.0, 0.37492364170965903)	(8.0, 0.29519539509737913)	(9.0, 0.22883966546138032)	('>10', 1.586902038084454)	('>50', 0.6098164093064057)	('>100', 3.133702268582371)	('>500', 2.196184440609197)	('>1k', 3.282612018458267)	('>5k', 0.1251423356828202)	('>10k+', 0.0)
NeuN_plus.B56_T1_HS	(1.0, 61.36861310491288)	(2.0, 13.715316581147055)	(3.0, 4.59196245154684)	(4.0, 2.236858262956205)	(5.0, 1.3501253465712244)	(6.0, 0.8533179947802059)	(7.0, 0.5826819099435762)	(8.0, 0.4181258099657959)	(9.0, 0.36093304034867246)	('>10', 2.1538798571018476)	('>50', 0.6540584205195139)	('>100', 3.724317958380061)	('>500', 2.8385865493034648)	('>1k', 4.826103727849998)	('>5k', 0.2656085305306923)	('>10k+', 0.0595104541421285)
NeuN_plus.B57_T2_HS	(1.0, 71.99605828734829)	(2.0, 8.639449008679918)	(3.0, 4.00264392952924)	(4.0, 2.4836363951749814)	(5.0, 1.6078404962682227)	(6.0, 1.1990381807272272)	(7.0, 0.8835013274924157)	(8.0, 0.7119804365049246)	(9.0, 0.5649335081044644)	('>10', 3.900622616248243)	('>50', 0.4030227730152721)	('>100', 1.5264939120256154)	('>500', 1.0367340463634496)	('>1k', 1.0440450825179308)	('>5k', 0.0)	('>10k+', 0.0)
NeuN_plus.B58_T1_HS	(1.0, 50.39028772427662)	(2.0, 16.478180949847562)	(3.0, 7.2337860131503975)	(4.0, 4.162804820112944)	(5.0, 2.665654188814032)	(6.0, 1.974033865739816)	(7.0, 1.4362262944583661)	(8.0, 1.135969122792786)	(9.0, 0.8429771174177784)	('>10', 5.088159999511756)	('>50', 0.5737103513144669)	('>100', 2.939756140653134)	('>500', 2.100042607184652)	('>1k', 2.887030408543744)	('>5k', 0.07520384082892391)	('>10k+', 0.016176555352842695)
NeuN_plus.B60_T1_HS	(1.0, 57.245536296039056)	(2.0, 16.561067506904152)	(3.0, 6.060075006826054)	(4.0, 3.08058296423623)	(5.0, 1.877944133615634)	(6.0, 1.3190811064206236)	(7.0, 0.9291531975496312)	(8.0, 0.6823159295395458)	(9.0, 0.5613921292902697)	('>10', 3.3284149904776483)	('>50', 0.5365142577334433)	('>100', 2.5699519282113967)	('>500', 1.9668407248024409)	('>1k', 3.116436356771311)	('>5k', 0.16469347158221587)	('>10k+', 0.0)
NeuN_plus.B61_T1_HS	(1.0, 55.20883199817078)	(2.0, 15.409445687145382)	(3.0, 4.381400485386024)	(4.0, 1.7211261987406468)	(5.0, 0.8322400514553192)	(6.0, 0.4936585652132257)	(7.0, 0.3575420235988525)	(8.0, 0.23091162913839292)	(9.0, 0.2071469921602051)	('>10', 1.51381255268495)	('>50', 0.6169635230726727)	('>100', 3.931378999704243)	('>500', 3.677170818550693)	('>1k', 9.711884155789585)	('>5k', 1.418055338264001)	('>10k+', 0.28843098092482283)
NeuN_plus.B62_T1_HS	(1.0, 46.521204550524786)	(2.0, 14.598295270395623)	(3.0, 5.537426733465684)	(4.0, 2.7793861366788764)	(5.0, 1.7529989324869928)	(6.0, 1.079808594299579)	(7.0, 0.7797508408999019)	(8.0, 0.6026073691554943)	(9.0, 0.42687177569992335)	('>10', 3.046454437221537)	('>50', 0.694859063154259)	('>100', 3.5893266121835388)	('>500', 3.6409764646300977)	('>1k', 11.590869781402622)	('>5k', 2.6058898938875945)	('>10k+', 0.753273543913624)
NeuN_plus.B65_T1_HS	(1.0, 69.09956605010983)	(2.0, 10.09678074390394)	(3.0, 2.143262502691931)	(4.0, 0.7568446990123369)	(5.0, 0.4184139803274782)	(6.0, 0.28136198483403324)	(7.0, 0.19113976062031884)	(8.0, 0.16174606388993823)	(9.0, 0.12396963359225367)	('>10', 1.4575198383873351)	('>50', 0.6982840311870522)	('>100', 3.694420181110558)	('>500', 3.151817441287564)	('>1k', 6.793873910642686)	('>5k', 0.8747745999121904)	('>10k+', 0.05622457849027572)
NeuN_plus.B66_T2_HS	(1.0, 74.25274032643358)	(2.0, 9.942750267416335)	(3.0, 2.11580284523286)	(4.0, 0.7915618130323758)	(5.0, 0.43516144578917143)	(6.0, 0.2948901315250207)	(7.0, 0.21125627787517628)	(8.0, 0.16608121432464548)	(9.0, 0.1256498089172603)	('>10', 1.7512397546533494)	('>50', 0.975897397960422)	('>100', 3.732960382310229)	('>500', 2.234386623601144)	('>1k', 2.854207367564483)	('>5k', 0.1154143433638973)	('>10k+', 0.0)
NeuN_plus.B69_T1_HS	(1.0, 60.655560242267704)	(2.0, 11.259657234915506)	(3.0, 5.139594716644131)	(4.0, 3.186832890102483)	(5.0, 2.301625534504462)	(6.0, 1.7523000854199267)	(7.0, 1.2788278908496737)	(8.0, 1.1383125494477804)	(9.0, 0.9009277688222532)	('>10', 9.057709189352185)	('>50', 1.0842493224262129)	('>100', 1.3804112554630872)	('>500', 0.4294813318388688)	('>1k', 0.32609444089942713)	('>5k', 0.025923448993025663)	('>10k+', 0.08249209805349227)
NeuN_plus.B70_T1_HS	(1.0, 69.48414710707698)	(2.0, 10.660210898415402)	(3.0, 4.317639931582763)	(4.0, 2.375457302079216)	(5.0, 1.6365517636308495)	(6.0, 1.1450701250331383)	(7.0, 0.86526878860066)	(8.0, 0.6452625647453765)	(9.0, 0.5577087614626877)	('>10', 3.869644355686537)	('>50', 0.5838992756648812)	('>100', 2.2617356288525277)	('>500', 0.9809219423223403)	('>1k', 0.6164815548465864)	('>5k', 0.0)	('>10k+', 0.0)
NeuN_plus.B71_T1_HS	(1.0, 42.46516714439789)	(2.0, 19.900462952940483)	(3.0, 10.339136232158696)	(4.0, 6.14409509084027)	(5.0, 4.211246683527138)	(6.0, 2.934636366699021)	(7.0, 2.1481939095532296)	(8.0, 1.5887108265649732)	(9.0, 1.306230198881023)	('>10', 7.795071960304748)	('>50', 0.5968617243378107)	('>100', 0.5544337536677985)	('>500', 0.015753156126931532)	('>1k', 0.0)	('>5k', 0.0)	('>10k+', 0.0)
NeuN_plus.B72_T1_HS	(1.0, 48.65417855330534)	(2.0, 18.906945591531414)	(3.0, 6.75773440238355)	(4.0, 3.075473707377072)	(5.0, 1.7291562654808161)	(6.0, 1.2402031398070827)	(7.0, 0.9579350507363443)	(8.0, 0.7795069693868362)	(9.0, 0.6245069170766689)	('>10', 5.282367688218168)	('>50', 0.754183604800244)	('>100', 3.219248875684929)	('>500', 2.6512165950976545)	('>1k', 4.993034675927134)	('>5k', 0.3583106816158355)	('>10k+', 0.01599728157099092)
NeuN_plus.B73_T1_HS	(1.0, 72.65724496264427)	(2.0, 13.113743054948646)	(3.0, 3.032060505808374)	(4.0, 1.1277694670655805)	(5.0, 0.5824598456836309)	(6.0, 0.3902778444795899)	(7.0, 0.2672666733527938)	(8.0, 0.23516595538498145)	(9.0, 0.17064493077166124)	('>10', 1.4238375130446337)	('>50', 0.6140878725569269)	('>100', 2.906717897960755)	('>500', 1.675067608585227)	('>1k', 1.7844153531880464)	('>5k', 0.019240514524942423)	('>10k+', 0.0)
NeuN_plus.B74_T1_HS	(1.0, 63.89260016226031)	(2.0, 12.705144125176052)	(3.0, 3.6142519528013275)	(4.0, 1.568336745659273)	(5.0, 0.941117649941541)	(6.0, 0.6517813676616868)	(7.0, 0.5019761580752493)	(8.0, 0.3246087094315878)	(9.0, 0.28252796698698507)	('>10', 1.9704044731646584)	('>50', 0.81402934690973)	('>100', 4.053319450721127)	('>500', 2.84102603251264)	('>1k', 5.3056773605670005)	('>5k', 0.5331984981307536)	('>10k+', 0.0)
