Sample	fastqc-percent_duplicates	fastqc-percent_gc	fastqc-avg_sequence_length	fastqc-median_sequence_length	fastqc-percent_fails	fastqc-total_sequences
NeuN_minus.B21_T2_HS	33.72561081885087	50.0	51.0	51	27.27272727272727	54.617847
NeuN_minus.B22_T2_HS	25.67991577079441	45.0	51.0	51	18.181818181818183	44.868294
NeuN_minus.B25_T3_HS	40.08888297357943	51.0	51.0	51	18.181818181818183	58.368975999999996
NeuN_minus.B26_T3_HS	32.17902856882594	51.0	51.0	51	9.090909090909092	54.885656999999995
NeuN_minus.B27_T1_HS	43.642361370663366	53.0	51.0	51	27.27272727272727	64.024434
NeuN_minus.B28_T3_HS	44.18398721053979	59.0	51.0	51	27.27272727272727	46.477239
NeuN_minus.B30_T1_HS	27.759457686714626	46.0	51.0	51	9.090909090909092	60.863732
NeuN_minus.B31_T1_HS	30.97361743912778	48.0	51.0	51	9.090909090909092	45.061693
NeuN_minus.B32_T3_HS	20.024008602777442	52.0	51.0	51	18.181818181818183	49.772543
NeuN_minus.B33_T1_HS	33.392493748525766	52.0	51.0	51	27.27272727272727	50.650513
NeuN_minus.B34_T4_HS	44.3644708463127	47.0	51.0	51	9.090909090909092	57.208467999999996
NeuN_minus.B35_T3_HS	36.4379658020985	46.0	51.0	51	9.090909090909092	64.090582
NeuN_minus.B36_T3_HS	34.73713892777414	50.0	51.0	51	18.181818181818183	61.842116
NeuN_minus.B37_T1_HS	33.41969427322522	51.0	51.0	51	18.181818181818183	48.287838
NeuN_minus.B38_T1_HS	46.38925527340869	56.0	51.0	51	18.181818181818183	64.486115
NeuN_minus.B39_T1_HS	30.53309000030798	50.0	51.0	51	18.181818181818183	56.166326
NeuN_minus.B40_T2_HS	27.696486238966372	50.0	51.0	51	18.181818181818183	61.640601999999994
NeuN_minus.B41_T1_HS	27.832873656123738	46.0	51.0	51	18.181818181818183	59.785661
NeuN_minus.B42_T3_HS	22.767231899698487	43.0	51.0	51	9.090909090909092	61.905865999999996
NeuN_minus.B43_T2_HS	16.141379382368797	44.0	51.0	51	18.181818181818183	40.014177
NeuN_minus.B44_T1_HS	17.51521210080267	44.0	51.0	51	9.090909090909092	45.124468
NeuN_minus.B45_T2_HS	37.192304248601836	51.0	51.0	51	18.181818181818183	53.026097
NeuN_minus.B46_T2_HS	30.046115890436795	50.0	51.0	51	18.181818181818183	49.089392
NeuN_minus.B47_T2_HS	46.292524521406044	53.0	51.0	51	9.090909090909092	53.895399999999995
NeuN_minus.B48_T2_HS	28.47227374799101	42.0	51.0	51	9.090909090909092	53.781819
NeuN_minus.B50_T1_HS	32.92314097436501	49.0	51.0	51	18.181818181818183	86.189201
NeuN_minus.B51_T1_HS	39.05786363870983	55.0	51.0	51	27.27272727272727	62.245476999999994
NeuN_minus.B52_T1_HS	30.58637392663175	47.0	51.0	51	18.181818181818183	59.021459
NeuN_minus.B53_T1_HS	31.641001162119167	49.0	51.0	51	18.181818181818183	60.309338
NeuN_minus.B54_T1_HS	28.33701569416401	47.0	51.0	51	9.090909090909092	51.444275
NeuN_minus.B55_T1_HS	36.287105678821206	52.0	51.0	51	9.090909090909092	57.693982999999996
NeuN_minus.B56_T1_HS	36.0577092800661	50.0	51.0	51	18.181818181818183	63.53087
NeuN_minus.B57_T2_HS	22.34294098190979	54.0	51.0	51	18.181818181818183	44.992599999999996
NeuN_minus.B58_T1_HS	45.149114793824175	56.0	51.0	51	9.090909090909092	51.488917
NeuN_minus.B59_T1_HS	29.75747417989156	44.0	51.0	51	18.181818181818183	69.24157699999999
NeuN_minus.B60_T1_HS	32.83084192577931	52.0	51.0	51	18.181818181818183	64.239262
NeuN_minus.B61_T1_HS	35.13934966889512	51.0	51.0	51	18.181818181818183	32.211634
NeuN_minus.B62_T1_HS	36.45294189978411	50.0	51.0	51	18.181818181818183	56.728553999999995
NeuN_minus.B63_T1_HS	21.935111798417594	46.0	51.0	51	18.181818181818183	46.878448
NeuN_minus.B64_T2_HS	32.3746010842916	50.0	51.0	51	27.27272727272727	52.197511
NeuN_minus.B65_T1_HS	28.997700389168514	49.0	51.0	51	9.090909090909092	49.970237999999995
NeuN_minus.B66_T2_HS	29.608883447117833	50.0	51.0	51	27.27272727272727	60.753789
NeuN_minus.B67_T1_HS	58.75335900480869	47.0	51.0	51	27.27272727272727	69.746218
NeuN_minus.B68_T2_HS	12.670782017554188	46.0	51.0	51	27.27272727272727	37.242605
NeuN_minus.B69_T1_HS	25.9807983935535	49.0	51.0	51	18.181818181818183	54.845492
NeuN_minus.B70_T1_HS	25.0666381313321	52.0	51.0	51	27.27272727272727	57.495135999999995
NeuN_minus.B71_T1_HS	33.70056109597516	54.0	51.0	51	9.090909090909092	49.605191999999995
NeuN_minus.B72_T1_HS	34.372273133405656	50.0	51.0	51	18.181818181818183	52.500529
NeuN_minus.B73_T1_HS	33.38950750272683	46.0	51.0	51	9.090909090909092	58.850141
NeuN_minus.B74_T1_HS	43.00570052603483	52.0	51.0	51	27.27272727272727	61.481536
NeuN_plus.B21_T2_HS	41.55192498721314	55.0	51.0	51	27.27272727272727	70.409971
NeuN_plus.B22_T2_HS	29.95935845465432	43.0	51.0	51	18.181818181818183	56.153548
NeuN_plus.B25_T3_HS	49.97490099856948	54.0	51.0	51	18.181818181818183	84.170175
NeuN_plus.B27_T1_HS	35.021614633097826	50.0	51.0	51	27.27272727272727	67.15335999999999
NeuN_plus.B28_T3_HS	31.577676768210694	50.0	51.0	51	27.27272727272727	33.02391
NeuN_plus.B30_T1_HS	29.960573290236454	46.0	51.0	51	9.090909090909092	57.866516
NeuN_plus.B31_T1_HS	28.04317583981299	47.0	51.0	51	18.181818181818183	56.239084
NeuN_plus.B32_T3_HS	12.43786498448776	49.0	51.0	51	18.181818181818183	47.737732
NeuN_plus.B33_T1_HS	23.542896757838776	48.0	51.0	51	18.181818181818183	50.388076999999996
NeuN_plus.B34_T4_HS	36.953039084587836	46.0	51.0	51	9.090909090909092	53.152313
NeuN_plus.B35_T3_HS	31.240388687423632	49.0	51.0	51	9.090909090909092	49.055777
NeuN_plus.B36_T3_HS	28.914983396311698	52.0	51.0	51	18.181818181818183	40.794799999999995
NeuN_plus.B37_T1_HS	47.61048131312736	57.0	51.0	51	18.181818181818183	58.599439999999994
NeuN_plus.B38_T1_HS	45.976232204498615	55.0	51.0	51	18.181818181818183	57.479023
NeuN_plus.B39_T1_HS	24.332598173161074	45.0	51.0	51	9.090909090909092	49.202743999999996
NeuN_plus.B40_T2_HS	25.061012046535666	45.0	51.0	51	9.090909090909092	90.934067
NeuN_plus.B41_T1_HS	34.774452481524406	44.0	51.0	51	9.090909090909092	58.06155
NeuN_plus.B45_T2_HS	43.20840207570838	50.0	51.0	51	18.181818181818183	53.516256
NeuN_plus.B46_T2_HS	26.466745767254338	49.0	51.0	51	9.090909090909092	53.768007
NeuN_plus.B47_T2_HS	31.49085331835512	50.0	51.0	51	9.090909090909092	64.134726
NeuN_plus.B50_T1_HS	33.29676242927765	50.0	51.0	51	18.181818181818183	92.269756
NeuN_plus.B51_T1_HS	42.75917607283266	54.0	51.0	51	27.27272727272727	74.70726499999999
NeuN_plus.B52_T1_HS	34.59470018583933	43.0	51.0	51	18.181818181818183	78.629672
NeuN_plus.B53_T1_HS	26.20152071757279	46.0	51.0	51	18.181818181818183	66.805322
NeuN_plus.B54_T1_HS	33.897603291896516	46.0	51.0	51	9.090909090909092	71.22948699999999
NeuN_plus.B55_T1_HS	23.907490343725016	49.0	51.0	51	9.090909090909092	59.179769
NeuN_plus.B56_T1_HS	28.932827513130363	49.0	51.0	51	9.090909090909092	52.271184999999996
NeuN_plus.B57_T2_HS	20.667611285556063	54.0	51.0	51	27.27272727272727	57.296757
NeuN_plus.B58_T1_HS	36.258554264120654	53.0	51.0	51	18.181818181818183	63.803180999999995
NeuN_plus.B60_T1_HS	30.570719115255486	51.0	51.0	51	9.090909090909092	74.01330999999999
NeuN_plus.B61_T1_HS	34.721303590484766	47.0	51.0	51	9.090909090909092	55.734454
NeuN_plus.B62_T1_HS	42.64899839939004	50.0	51.0	51	9.090909090909092	65.83917
NeuN_plus.B65_T1_HS	24.647066425963388	45.0	51.0	51	9.090909090909092	59.150192
NeuN_plus.B66_T2_HS	19.546904537039666	45.0	51.0	51	18.181818181818183	54.361584
NeuN_plus.B69_T1_HS	29.48179731930952	51.0	51.0	51	27.27272727272727	71.81759199999999
NeuN_plus.B70_T1_HS	22.102089131965243	50.0	51.0	51	27.27272727272727	42.787355999999996
NeuN_plus.B71_T1_HS	40.100351074579756	56.0	51.0	51	18.181818181818183	43.506929
NeuN_plus.B72_T1_HS	37.657952606549706	48.0	51.0	51	18.181818181818183	64.933306
NeuN_plus.B73_T1_HS	19.121880437257175	45.0	51.0	51	9.090909090909092	60.296839
NeuN_plus.B74_T1_HS	27.566232476073864	48.0	51.0	51	18.181818181818183	59.491146
